1417561982,0,-4370,240000,200,6000,,0.47,0.50,0.48
1417562012,0,-4370,246000,200,6000,,0.47,0.49,0.48
1417562042,0,-4370,252000,200,6000,,0.47,0.50,0.48
1417562072,0,-4370,258000,200,6000,,0.47,0.49,0.48
1417562102,0,-4370,264000,200,6000,,0.47,0.49,0.48
1417562132,0,-4370,270000,200,6000,,0.47,0.49,0.48
1417562162,0,-4370,276000,200,6000,,0.47,0.50,0.48
1417562192,0,-4370,282000,200,6000,,0.47,0.49,0.48
1417562222,0,-4370,288000,200,6000,,0.47,0.49,0.48
1417562252,0,-4370,294000,200,6000,,0.47,0.50,0.48
1417562282,0,-4370,300000,200,6000,,0.47,0.49,0.48
1417562312,0,-4370,306000,200,6000,,0.47,0.49,0.48
1417562342,0,-4370,312000,200,6000,,0.47,0.49,0.48
1417562372,0,-4370,318000,200,6000,,0.47,0.49,0.48
1417562402,0,-4370,324000,200,6000,,0.47,0.49,0.48
1417562432,0,-4370,330000,200,6000,,0.47,0.50,0.48
1417562462,0,-4370,336000,200,6000,,0.47,0.49,0.48
1417562492,0,-4370,342000,200,6000,,0.47,0.50,0.48
1417562522,0,-4370,348000,200,6000,,0.47,0.49,0.48
1417562552,0,-4370,354000,200,6000,,0.47,0.49,0.48
1417562582,0,-4370,360000,200,6000,,0.47,0.49,0.48
1417562612,0,-4370,366000,200,6000,,0.47,0.50,0.48
1417562642,0,-4370,372000,200,6000,,0.47,0.49,0.48
1417562672,0,-4370,378000,200,6000,,0.47,0.49,0.48
1417562702,0,-4370,384000,200,6000,,0.47,0.49,0.48
1417562732,0,-4370,390000,200,6000,,0.47,0.49,0.48
1417562762,0,-4370,396000,200,6000,,0.47,0.49,0.48
1417562792,0,-4370,402000,200,6000,,0.47,0.50,0.48
1417562822,0,-4370,408000,200,6000,,0.47,0.49,0.48
1417562852,0,-4370,414000,200,6000,,0.47,0.49,0.48
1417562882,0,-4370,420000,200,6000,,0.47,0.49,0.48
1417562912,0,-4370,426000,200,6000,,0.47,0.49,0.48
1417562942,0,-4370,432000,200,6000,,0.47,0.49,0.48
1417562972,0,-4370,438000,200,6000,,0.47,0.49,0.48
1417563002,0,-4370,444000,200,6000,,0.47,0.49,0.48
1417563032,0,-4370,450000,200,6000,,0.47,0.49,0.48
1417563062,0,-4370,456000,200,6000,,0.47,0.49,0.48
1417563092,0,-4370,462000,200,6000,,0.47,0.49,0.48
1417563122,0,-4370,468000,200,6000,,0.47,0.50,0.48
1417563152,0,-4370,474000,200,6000,,0.47,0.49,0.48
1417563182,0,-4370,480000,200,6000,,0.47,0.49,0.48
1417563212,0,-4370,486000,200,6000,,0.47,0.49,0.48
1417563242,0,-4370,492000,200,6000,,0.47,0.49,0.48
1417563272,0,-4370,498000,200,6000,,0.47,0.49,0.48
1417563302,0,-4370,504000,200,6000,,0.47,0.50,0.48
1417563332,0,-4370,510000,200,6000,,0.47,0.49,0.48
1417563362,0,-4370,516000,200,6000,,0.47,0.49,0.48
1417563392,0,-4370,522000,200,6000,,0.47,0.49,0.48
1417563422,0,-4370,528000,200,6000,,0.47,0.49,0.48
1417563452,0,-4370,534000,200,6000,,0.47,0.49,0.48
1417563482,0,-4370,540000,200,6000,,0.47,0.50,0.48
1417563512,0,-4370,546000,200,6000,,0.47,0.49,0.48
1417563542,0,-4370,552000,200,6000,,0.47,0.49,0.48
1417563572,0,-4370,558000,200,6000,,0.47,0.49,0.48
1417563602,0,-4370,564000,200,6000,,0.47,0.49,0.48
1417563632,0,-4370,570000,200,6000,,0.47,0.49,0.48
1417563662,0,-4370,576000,200,6000,,0.47,0.49,0.48
1417563692,0,-4370,582000,200,6000,,0.47,0.49,0.48
1417563722,0,-4370,588000,200,6000,,0.47,0.96,0.69
1417563752,0,-4370,594000,200,6000,,0.94,0.97,0.96
1417563782,0,-4370,600000,200,6000,,0.94,0.96,0.96
1417563812,0,-4370,606000,200,6000,,0.94,0.96,0.96
1417563842,0,-4370,612000,200,6000,,0.94,0.97,0.96
1417563872,0,-4370,618000,200,6000,,0.94,0.97,0.96
1417563902,0,-4370,624000,200,6000,,0.94,0.96,0.96
1417563932,0,-4370,630000,200,6000,,0.94,0.96,0.96
1417563962,0,-4370,636000,200,6000,,0.94,0.97,0.96
1417563992,0,-4370,642000,200,6000,,0.94,0.96,0.96
1417564022,0,-4370,648000,200,6000,,0.94,0.97,0.96
1417564052,0,-4370,654000,200,6000,,0.94,0.96,0.96
1417564082,0,-4370,660000,200,6000,,0.94,0.96,0.96
1417564112,0,-4370,666000,200,6000,,0.94,0.96,0.96
1417564142,0,-4370,672000,200,6000,,0.94,0.96,0.96
1417564172,0,-4370,678000,200,6000,,0.94,0.97,0.96
1417564202,0,-4370,684000,200,6000,,0.94,0.97,0.96
1417564232,0,-4370,690000,200,6000,,0.94,0.96,0.96
1417564262,0,-4370,696000,200,6000,,0.94,0.96,0.96
1417564292,0,-4370,702000,200,6000,,0.94,0.96,0.96
1417564322,0,-4370,708000,200,6000,,0.94,0.96,0.96
1417564352,0,-4370,714000,200,6000,,0.94,0.97,0.96
1417564382,0,-4370,720000,200,6000,,0.94,0.97,0.96
1417564412,0,-4370,726000,200,6000,,0.94,0.96,0.96
1417564442,0,-4370,732000,200,6000,,0.94,0.96,0.96
1417564472,0,-4370,738000,200,6000,,0.94,0.96,0.96
1417564502,0,-4370,744000,200,6000,,0.94,0.96,0.96
1417564532,0,-4370,750000,200,6000,,0.94,0.97,0.96
1417564562,0,-4370,756000,200,6000,,0.94,0.96,0.96
1417564592,0,-4370,762000,200,6000,,0.94,0.96,0.96
1417564622,0,-4370,768000,200,6000,,0.94,0.97,0.96
1417564652,0,-4370,774000,200,6000,,0.94,0.96,0.96
1417564682,0,-4370,780000,200,6000,,0.94,0.96,0.96
1417564712,0,-4370,786000,200,6000,,0.94,0.98,0.96
1417564742,0,-4370,792000,200,6000,,0.94,0.96,0.96
1417564772,0,-4370,798000,200,6000,,0.94,0.96,0.96
1417564802,0,-4370,804000,200,6000,,0.94,0.96,0.96
1417564832,0,-4370,810000,200,6000,,0.94,0.96,0.96
1417564862,0,-4370,816000,200,6000,,0.94,0.96,0.96
1417564892,0,-4370,822000,200,6000,,0.94,0.97,0.96
1417564922,0,-4370,828000,200,6000,,0.94,0.96,0.96
1417564952,0,-4370,834000,200,6000,,0.94,0.96,0.96
1417564982,0,-4370,840000,200,6000,,0.94,0.96,0.96
1417565012,0,-4370,846000,200,6000,,0.94,0.96,0.96
1417565042,0,-4370,852000,200,6000,,0.94,0.96,0.96
1417565072,0,-4370,858000,200,6000,,0.94,0.97,0.96
1417565102,0,-4370,864000,200,6000,,0.94,0.97,0.96
1417565132,0,-4370,870000,200,6000,,0.94,0.97,0.96
1417565162,0,-4370,876000,200,6000,,0.94,0.96,0.96
1417565192,0,-4370,882000,200,6000,,0.94,0.97,0.96
1417565222,0,-4370,888000,200,6000,,0.94,0.96,0.96
1417565252,0,-4370,894000,200,6000,,0.94,0.97,0.96
1417565282,0,-4370,900000,200,6000,,0.94,0.96,0.96
1417565312,0,-4370,906000,200,6000,,0.94,0.96,0.96
1417565342,0,-4370,912000,200,6000,,0.94,0.96,0.96
1417565372,0,-4370,918000,200,6000,,0.94,0.97,0.96
1417565402,0,-4370,924000,200,6000,,0.94,0.97,0.96
1417565432,0,-4370,930000,200,6000,,0.94,0.97,0.96
1417565462,0,-4370,936000,200,6000,,0.94,0.97,0.96
1417565492,0,-4370,942000,200,6000,,0.94,0.97,0.96
1417565522,0,-4370,948000,200,6000,,0.94,0.96,0.96
1417565552,0,-4370,954000,200,6000,,0.94,0.97,0.96
1417565582,0,-4370,960000,200,6000,,0.94,0.97,0.96
1417565612,0,-4370,966000,200,6000,,0.94,0.97,0.96
1417565642,0,-4370,972000,200,6000,,0.94,0.96,0.96
1417565672,0,-4370,978000,200,6000,,0.94,0.96,0.96
1417565702,0,-4370,984000,200,6000,,0.94,0.97,0.96
1417565732,0,-4370,990000,200,6000,,0.94,0.97,0.96
1417565762,0,-4370,996000,200,6000,,0.94,0.97,0.96
1417565792,0,-4370,1002000,200,6000,,0.94,0.96,0.96
1417565822,0,-4370,1008000,200,6000,,0.94,0.96,0.96
1417565852,0,-4370,1014000,200,6000,,0.94,0.96,0.96
1417565882,0,-4370,1020000,200,6000,,0.94,0.96,0.96
1417565912,0,-4370,1026000,200,6000,,0.94,0.96,0.96
1417565942,0,-4370,1032000,200,6000,,0.94,0.97,0.96
1417565972,0,-4370,1038000,200,6000,,0.94,0.97,0.96
1417566002,0,-4370,1044000,200,6000,,0.94,0.96,0.96
1417566032,0,-4370,1050000,200,6000,,0.94,0.96,0.96
1417566062,0,-4370,1056000,200,6000,,0.94,0.96,0.96
1417566092,0,-4370,1062000,200,6000,,0.94,0.97,0.96
1417566122,0,-4370,1068000,200,6000,,0.94,0.97,0.96
1417566152,0,-4370,1074000,200,6000,,0.94,0.96,0.96
1417566182,0,-4370,1080000,200,6000,,0.94,0.96,0.96
1417566212,0,-4370,1086000,200,6000,,0.94,0.96,0.96
1417566242,0,-4370,1092000,200,6000,,0.94,0.97,0.96
1417566272,0,-4370,1098000,200,6000,,0.94,0.97,0.96
1417566302,0,-4370,1104000,200,6000,,0.94,0.97,0.96
1417566332,0,-4370,1110000,200,6000,,0.94,0.96,0.96
1417566362,0,-4370,1116000,200,6000,,0.94,0.96,0.96
1417566392,0,-4370,1122000,200,6000,,0.94,0.97,0.96
1417566422,0,-4370,1128000,200,6000,,0.94,0.96,0.96
1417566452,0,-4370,1134000,200,6000,,0.94,0.96,0.96
1417566482,0,-4370,1140000,200,6000,,0.94,0.97,0.96
1417566512,0,-4370,1146000,200,6000,,0.94,0.97,0.96
1417566542,0,-4370,1152000,200,6000,,0.94,0.97,0.96
1417566572,0,-4370,1158000,200,6000,,0.94,0.96,0.96
1417566602,0,-4370,1164000,200,6000,,0.94,0.97,0.96
1417566632,0,-4370,1170000,200,6000,,0.94,0.96,0.96
1417566662,0,-4370,1176000,200,6000,,0.94,0.97,0.96
1417566692,0,-4370,1182000,200,6000,,0.94,0.96,0.96
1417566722,0,-4370,1188000,200,6000,,0.94,0.96,0.96
1417566752,0,-4370,1194000,200,6000,,0.94,0.96,0.96
1417566782,0,-4370,1200000,200,6000,,0.94,0.97,0.96
1417566812,0,-4370,1206000,200,6000,,0.94,0.96,0.96
1417566842,0,-4370,1212000,200,6000,,0.94,0.97,0.96
1417566872,0,-4370,1218000,200,6000,,0.94,0.96,0.96
1417566902,0,-4370,1224000,200,6000,,0.94,0.97,0.96
1417566932,0,-4370,1230000,200,6000,,0.94,0.96,0.96
1417566962,0,-4370,1236000,200,6000,,0.94,0.96,0.96
1417566992,0,-4370,1242000,200,6000,,0.94,0.97,0.96
1417567022,0,-4370,1248000,200,6000,,0.94,0.96,0.96
1417567052,0,-4370,1254000,200,6000,,0.94,0.97,0.96
1417567082,0,-4370,1260000,200,6000,,0.94,0.96,0.96
1417567112,0,-4370,1266000,200,6000,,0.94,0.97,0.96
1417567142,0,-4370,1272000,200,6000,,0.94,0.96,0.96
1417567172,0,-4370,1278000,200,6000,,0.94,0.97,0.96
1417567202,0,-4370,1284000,200,6000,,0.94,0.96,0.96
1417567232,0,-4370,1290000,200,6000,,0.94,0.96,0.96
1417567262,0,-4370,1296000,200,6000,,0.94,0.96,0.96
1417567292,0,-4370,1302000,200,6000,,0.94,0.96,0.96
1417567322,0,-4370,1308000,200,6000,,0.94,0.97,0.96
1417567352,0,-4370,1314000,200,6000,,0.94,0.97,0.96
1417567382,0,-4370,1320000,200,6000,,0.94,0.96,0.96
1417567412,0,-4370,1326000,200,6000,,0.94,0.96,0.96
1417567442,0,-4370,1332000,200,6000,,0.94,0.97,0.96
1417567472,0,-4370,1338000,200,6000,,0.94,0.96,0.96
1417567502,0,-4370,1344000,200,6000,,0.94,0.96,0.96
1417567532,0,-4370,1350000,200,6000,,0.94,0.97,0.96
1417567562,0,-4370,1356000,200,6000,,0.94,0.97,0.96
1417567592,0,-4370,1362000,200,6000,,0.94,0.96,0.96
1417567622,0,-4370,1368000,200,6000,,0.94,0.97,0.96
1417567652,0,-4370,1374000,200,6000,,0.94,0.96,0.96
1417567682,0,-4370,1380000,200,6000,,0.94,0.96,0.96
1417567712,0,-4370,1386000,200,6000,,0.94,0.97,0.96
1417567742,0,-4370,1392000,200,6000,,0.94,0.97,0.96
1417567772,0,-4370,1398000,200,6000,,0.94,0.97,0.96
1417567802,0,-4370,1404000,200,6000,,0.94,0.97,0.96
1417567832,0,-4370,1410000,200,6000,,0.94,0.96,0.96
1417567862,0,-4370,1416000,200,6000,,0.94,0.97,0.96
1417567892,0,-4370,1422000,200,6000,,0.94,0.96,0.96
1417567922,0,-4370,1428000,200,6000,,0.94,0.96,0.96
1417567952,0,-4370,1434000,200,6000,,0.94,0.96,0.96
1417567982,0,-4370,1440000,200,6000,,0.94,0.98,0.96
1417568012,0,-4370,1446000,200,6000,,0.94,0.97,0.96
1417568042,0,-4370,1452000,200,6000,,0.94,0.96,0.96
1417568072,0,-4370,1458000,200,6000,,0.94,0.97,0.96
1417568102,0,-4370,1464000,200,6000,,0.94,0.97,0.96
1417568132,0,-4370,1470000,200,6000,,0.94,0.96,0.96
1417568162,0,-4370,1476000,200,6000,,0.94,0.97,0.96
1417568192,0,-4370,1482000,200,6000,,0.94,0.96,0.96
1417568222,0,-4370,1488000,200,6000,,0.94,0.97,0.96
1417568252,0,-4370,1494000,200,6000,,0.94,0.96,0.96
1417568282,0,-4370,1500000,200,6000,,0.94,0.97,0.96
1417568312,0,-4370,1506000,200,6000,,0.94,0.97,0.96
1417568342,0,-4370,1512000,200,6000,,0.94,0.97,0.96
1417568372,0,-4370,1518000,200,6000,,0.94,0.97,0.96
1417568402,0,-4370,1524000,200,6000,,0.94,0.97,0.96
1417568432,0,-4370,1530000,200,6000,,0.94,0.97,0.96
1417568462,0,-4370,1536000,200,6000,,0.94,0.96,0.96
1417568492,0,-4370,1542000,200,6000,,0.94,0.96,0.96
1417568522,0,-4370,1548000,200,6000,,0.94,0.96,0.96
1417568552,0,-4370,1554000,200,6000,,0.94,0.97,0.96
1417568582,0,-4370,1560000,200,6000,,0.94,0.97,0.96
1417568612,0,-4370,1566000,200,6000,,0.94,0.97,0.96
1417568642,0,-4370,1572000,200,6000,,0.94,0.97,0.96
1417568672,0,-4370,1578000,200,6000,,0.94,0.96,0.96
1417568702,0,-4370,1584000,200,6000,,0.94,0.96,0.96
1417568732,0,-4370,1590000,200,6000,,0.94,0.96,0.96
1417568762,0,-4370,1596000,200,6000,,0.94,0.97,0.96
1417568792,0,-4370,1602000,200,6000,,0.94,0.96,0.96
1417568822,0,-4370,1608000,200,6000,,0.94,0.97,0.96
1417568852,0,-4370,1614000,200,6000,,0.94,0.96,0.96
1417568882,0,-4370,1620000,200,6000,,0.94,0.96,0.96
1417568912,0,-4370,1626000,200,6000,,0.94,0.96,0.96
1417568942,0,-4370,1632000,200,6000,,0.94,0.97,0.96
1417568972,0,-4370,1638000,200,6000,,0.94,0.96,0.96
1417569002,0,-4370,1644000,200,6000,,0.94,0.97,0.96
1417569032,0,-4370,1650000,200,6000,,0.94,0.96,0.96
1417569062,0,-4370,1656000,200,6000,,0.94,0.96,0.96
1417569092,0,-4370,1662000,200,6000,,0.94,0.96,0.96
1417569122,0,-4370,1668000,200,6000,,0.94,0.98,0.96
1417569152,0,-4370,1674000,200,6000,,0.94,0.96,0.96
1417569182,0,-4370,1680000,200,6000,,0.94,0.97,0.96
1417569212,0,-4370,1686000,200,6000,,0.94,0.96,0.96
1417569242,0,-4370,1692000,200,6000,,0.94,0.96,0.96
1417569272,0,-4370,1698000,200,6000,,0.94,0.97,0.96
1417569302,0,-4370,1704000,200,6000,,0.94,0.97,0.96
1417569332,0,-4370,1710000,200,6000,,0.94,0.96,0.96
1417569362,0,-4370,1716000,200,6000,,0.94,0.97,0.96
1417569392,0,-4370,1722000,200,6000,,0.94,0.96,0.96
1417569422,0,-4370,1728000,200,6000,,0.94,0.97,0.96
1417569452,0,-4370,1734000,200,6000,,0.94,0.97,0.96
1417569482,0,-4370,1740000,200,6000,,0.94,0.96,0.96
1417569512,0,-4370,1746000,200,6000,,0.94,0.96,0.96
1417569542,0,-4370,1752000,200,6000,,0.94,0.96,0.96
1417569572,0,-4370,1758000,200,6000,,0.94,0.97,0.96
1417569602,0,-4370,1764000,200,6000,,0.94,0.96,0.96
1417569632,0,-4370,1770000,200,6000,,0.94,0.96,0.96
1417569662,0,-4370,1776000,200,6000,,0.94,0.97,0.96
1417569692,0,-4370,1782000,200,6000,,0.94,0.96,0.96
1417569722,0,-4370,1788000,200,6000,,0.94,0.97,0.96
1417569752,0,-4370,1794000,200,6000,,0.94,0.97,0.96
1417569782,0,-4370,1800000,200,6000,,0.94,0.97,0.96
1417569812,0,-4370,1806000,200,6000,,0.94,0.97,0.96
1417569842,0,-4370,1812000,200,6000,,0.94,0.97,0.96
1417569872,0,-4370,1818000,200,6000,,0.94,0.96,0.96
1417569902,0,-4370,1824000,200,6000,,0.94,0.96,0.96
1417569932,0,-4370,1830000,200,6000,,0.94,0.97,0.96
1417569962,0,-4370,1836000,200,6000,,0.94,0.96,0.96
1417569992,0,-4370,1842000,200,6000,,0.94,0.97,0.96
1417570022,0,-4370,1848000,200,6000,,0.94,0.97,0.96
1417570052,0,-4370,1854000,200,6000,,0.47,0.96,0.95
1417570082,0,-4370,1860000,200,6000,,0.94,0.97,0.96
1417570112,0,-4370,1866000,200,6000,,0.94,0.96,0.96
1417570142,0,-4370,1872000,200,6000,,0.47,0.97,0.70
1417570172,0,-4370,1878000,200,6000,,0.47,0.49,0.48
1417570202,0,-4370,1884000,200,6000,,0.47,0.49,0.48
1417570232,0,-4370,1890000,200,6000,,0.47,0.49,0.48
1417570262,0,-4370,1896000,200,6000,,0.47,0.49,0.48
1417570292,0,-4370,1902000,200,6000,,0.47,0.49,0.48
1417570322,0,-4370,1908000,200,6000,,0.47,0.49,0.48
1417570352,0,-4370,1914000,200,6000,,0.47,0.49,0.48
1417570382,0,-4370,1920000,200,6000,,0.47,0.49,0.48
1417570412,0,-4370,1926000,200,6000,,0.47,0.49,0.48
1417570442,0,-4370,1932000,200,6000,,0.47,0.49,0.48
1417570472,0,-4370,1938000,200,6000,,0.47,0.49,0.48
1417570502,0,-4370,1944000,200,6000,,0.47,0.49,0.48
1417570532,0,-4370,1950000,200,6000,,0.47,0.49,0.48
1417570562,0,-4370,1956000,200,6000,,0.47,0.49,0.48
1417570592,0,-4370,1962000,200,6000,,0.47,0.49,0.48
1417570622,0,-4370,1968000,200,6000,,0.47,0.49,0.48
1417570652,0,-4370,1974000,200,6000,,0.47,0.49,0.48
1417570682,0,-4370,1980000,200,6000,,0.47,0.49,0.48
1417570712,0,-4370,1986000,200,6000,,0.47,0.50,0.48
1417570742,0,-4370,1992000,200,6000,,0.47,0.49,0.48
1417570772,0,-4370,1998000,200,6000,,0.47,0.49,0.48
1417570802,0,-4370,2004000,200,6000,,0.47,0.50,0.48
1417570832,0,-4370,2010000,200,6000,,0.47,0.49,0.48
1417570862,0,-4370,2016000,200,6000,,0.47,0.49,0.48
1417570892,0,-4370,2022000,200,6000,,0.47,0.49,0.48
1417570922,0,-4370,2028000,200,6000,,0.47,0.49,0.48
1417570952,0,-4370,2034000,200,6000,,0.47,0.49,0.48
1417570982,0,-4370,2040000,200,6000,,0.47,0.49,0.48
1417571012,0,-4370,2046000,200,6000,,0.47,0.49,0.48
1417571042,0,-4370,2052000,200,6000,,0.47,0.49,0.48
1417571072,0,-4370,2058000,200,6000,,0.47,0.49,0.48
1417571102,0,-4370,2064000,200,6000,,0.47,0.49,0.48
1417571132,0,-4370,2070000,200,6000,,0.47,0.49,0.48
1417571162,0,-4370,2076000,200,6000,,0.47,0.49,0.48
1417571192,0,-4370,2082000,200,6000,,0.47,0.49,0.48
1417571222,0,-4370,2088000,200,6000,,0.47,0.49,0.48
1417571252,0,-4370,2094000,200,6000,,0.47,0.49,0.48
1417571282,0,-4370,2100000,200,6000,,0.47,0.49,0.48
1417571312,0,-4370,2106000,200,6000,,0.47,0.49,0.48
1417571342,0,-4370,2112000,200,6000,,0.47,0.50,0.48
1417571372,0,-4370,2118000,200,6000,,0.47,0.49,0.48
1417571402,0,-4370,2124000,200,6000,,0.47,0.96,0.72
1417571432,0,-4370,2130000,200,6000,,0.94,0.96,0.96
1417571462,0,-4370,2136000,200,6000,,0.94,0.97,0.96
1417571492,0,-4370,2142000,200,6000,,0.94,0.97,0.96
1417571522,0,-4370,2148000,200,6000,,0.94,0.96,0.96
1417571552,0,-4370,2154000,200,6000,,0.94,0.97,0.96
1417571582,0,-4370,2160000,200,6000,,0.94,0.97,0.96
1417571612,0,-4370,2166000,200,6000,,0.94,0.96,0.96
1417571642,0,-4370,2172000,200,6000,,0.94,0.97,0.96
1417571672,0,-4370,2178000,200,6000,,0.94,0.97,0.96
1417571702,0,-4370,2184000,200,6000,,0.94,0.96,0.96
1417571732,0,-4370,2190000,200,6000,,0.94,0.96,0.96
1417571762,0,-4370,2196000,200,6000,,0.94,0.97,0.96
1417571792,0,-4370,2202000,200,6000,,0.94,0.96,0.96
1417571822,0,-4370,2208000,200,6000,,0.94,0.96,0.96
1417571852,0,-4370,2214000,200,6000,,0.94,0.98,0.96
1417571882,0,-4370,2220000,200,6000,,0.94,0.97,0.96
1417571912,0,-4370,2226000,200,6000,,0.94,0.96,0.96
1417571942,0,-4370,2232000,200,6000,,0.94,0.96,0.96
1417571972,0,-4370,2238000,200,6000,,0.94,0.96,0.96
1417572002,0,-4370,2244000,200,6000,,0.47,0.97,0.95
1417572032,0,-4370,2250000,200,6000,,0.94,0.97,0.96
1417572062,0,-4370,2256000,200,6000,,0.94,0.97,0.96
1417572092,0,-4370,2262000,200,6000,,0.94,0.97,0.96
1417572122,0,-4370,2268000,200,6000,,0.94,0.96,0.96
1417572152,0,-4370,2274000,200,6000,,0.94,0.96,0.96
1417572182,0,-4370,2280000,200,6000,,0.47,0.96,0.91
1417572212,0,-4370,2286000,200,6000,,0.94,0.97,0.96
1417572242,0,-4370,2292000,200,6000,,0.94,0.97,0.96
1417572272,0,-4370,2298000,200,6000,,0.47,0.97,0.89
1417572302,0,-4370,2304000,200,6000,,0.47,0.96,0.60
1417572332,0,-4370,2310000,200,6000,,0.47,0.49,0.48
1417572362,0,-4370,2316000,200,6000,,0.47,0.49,0.48
1417572392,0,-4370,2322000,200,6000,,0.47,0.49,0.48
1417572422,0,-4370,2328000,200,6000,,0.47,0.96,0.48
1417572452,0,-4370,2334000,200,6000,,0.47,0.96,0.48
1417572482,0,-4370,2340000,200,6000,,0.47,0.96,0.49
1417572512,0,-4370,2346000,200,6000,,0.47,0.49,0.48
1417572542,0,-4370,2352000,200,6000,,0.47,0.49,0.48
1417572572,0,-4370,2358000,200,6000,,0.47,0.50,0.48
1417572602,0,-4370,2364000,200,6000,,0.47,0.49,0.48
1417572632,0,-4370,2370000,200,6000,,0.47,0.49,0.48
1417572662,0,-4370,2376000,200,6000,,0.47,0.49,0.48
1417572692,0,-4370,2382000,200,6000,,0.47,0.49,0.48
1417572722,0,-4370,2388000,200,6000,,0.47,0.49,0.48
1417572752,0,-4370,2394000,200,6000,,0.47,0.49,0.48
1417572782,0,-4370,2400000,200,6000,,0.47,0.96,0.86
1417572812,0,-4370,2406000,200,6000,,0.94,0.96,0.96
1417572842,0,-4370,2412000,200,6000,,0.94,0.96,0.96
1417572872,0,-4370,2418000,200,6000,,0.94,0.97,0.96
1417572902,0,-4370,2424000,200,6000,,0.94,0.97,0.96
1417572932,0,-4370,2430000,200,6000,,0.94,0.97,0.96
1417572962,0,-4370,2436000,200,6000,,0.94,0.96,0.96
1417572992,0,-4370,2442000,200,6000,,0.94,0.97,0.96
1417573022,0,-4370,2448000,200,6000,,0.94,0.96,0.96
1417573052,0,-4370,2454000,200,6000,,0.94,0.97,0.96
1417573082,0,-4370,2460000,200,6000,,0.94,0.97,0.96
1417573112,0,-4370,2466000,200,6000,,0.94,0.97,0.96
1417573142,0,-4370,2472000,200,6000,,0.94,0.96,0.96
1417573172,0,-4370,2478000,200,6000,,0.94,0.96,0.96
1417573202,0,-4370,2484000,200,6000,,0.94,0.97,0.96
1417573232,0,-4370,2490000,200,6000,,0.94,0.96,0.96
1417573262,0,-4370,2496000,200,6000,,0.94,0.97,0.96
1417573292,0,-4370,2502000,200,6000,,0.94,0.96,0.96
1417573322,0,-4370,2508000,200,6000,,0.94,0.96,0.96
1417573352,0,-4370,2514000,200,6000,,0.94,0.97,0.96
1417573382,0,-4370,2520000,200,6000,,0.94,0.96,0.96
1417573412,0,-4370,2526000,200,6000,,0.94,0.97,0.96
1417573442,0,-4370,2532000,200,6000,,0.94,0.97,0.96
1417573472,0,-4370,2538000,200,6000,,0.94,0.96,0.96
1417573502,0,-4370,2544000,200,6000,,0.94,0.96,0.96
1417573532,0,-4370,2550000,200,6000,,0.94,0.97,0.96
1417573562,0,-4370,2556000,200,6000,,0.47,0.96,0.60
1417573592,0,-4370,2562000,200,6000,,0.47,0.49,0.48
1417573622,0,-4370,2568000,200,6000,,0.47,0.49,0.48
1417573652,0,-4370,2574000,200,6000,,0.47,0.49,0.48
1417573682,0,-4370,2580000,200,6000,,0.47,0.49,0.48
1417573712,0,-4370,2586000,200,6000,,0.47,0.50,0.48
1417573742,0,-4370,2592000,200,6000,,0.47,0.49,0.48
1417573772,0,-4370,2598000,200,6000,,0.47,0.49,0.48
1417573802,0,-4370,2604000,200,6000,,0.47,0.49,0.48
1417573832,0,-4370,2610000,200,6000,,0.47,0.49,0.48
1417573862,0,-4370,2616000,200,6000,,0.47,0.49,0.48
1417573892,0,-4370,2622000,200,6000,,0.47,0.49,0.48
1417573922,0,-4370,2628000,200,6000,,0.47,0.49,0.48
1417573952,0,-4370,2634000,200,6000,,0.47,0.49,0.48
1417573982,0,-4370,2640000,200,6000,,0.47,0.50,0.48
1417574012,0,-4370,2646000,200,6000,,0.47,0.49,0.48
1417574042,0,-4370,2652000,200,6000,,0.47,0.49,0.48
1417574072,0,-4370,2658000,200,6000,,0.47,0.49,0.48
1417574102,0,-4370,2664000,200,6000,,0.47,0.96,0.48
1417574132,0,-4370,2670000,200,6000,,0.47,0.49,0.48
1417574162,0,-4370,2676000,200,6000,,0.47,0.49,0.48
1417574192,0,-4370,2682000,200,6000,,0.47,0.49,0.48
1417574222,0,-4370,2688000,200,6000,,0.47,0.49,0.48
1417574252,0,-4370,2694000,200,6000,,0.47,0.49,0.48
1417574282,0,-4370,2700000,200,6000,,0.47,0.49,0.48
1417574312,0,-4370,2706000,200,6000,,0.47,0.49,0.48
1417574342,0,-4370,2712000,200,6000,,0.47,0.49,0.48
1417574372,0,-4370,2718000,200,6000,,0.47,0.49,0.48
1417574402,0,-4370,2724000,200,6000,,0.47,0.50,0.48
1417574432,0,-4370,2730000,200,6000,,0.47,0.50,0.48
1417574462,0,-4370,2736000,200,6000,,0.47,0.49,0.48
1417574492,0,-4370,2742000,200,6000,,0.47,0.49,0.48
1417574522,0,-4370,2748000,200,6000,,0.47,0.49,0.48
1417574552,0,-4370,2754000,200,6000,,0.47,0.96,0.49
1417574582,0,-4370,2760000,200,6000,,0.47,0.97,0.89
1417574612,0,-4370,2766000,200,6000,,0.94,0.96,0.96
1417574642,0,-4370,2772000,200,6000,,0.94,0.97,0.96
1417574672,0,-4370,2778000,200,6000,,0.94,0.97,0.96
1417574702,0,-4370,2784000,200,6000,,0.94,0.97,0.96
1417574732,0,-4370,2790000,200,6000,,0.94,0.96,0.96
1417574762,0,-4370,2796000,200,6000,,0.94,0.96,0.96
1417574792,0,-4370,2802000,200,6000,,0.94,0.96,0.96
1417574822,0,-4370,2808000,200,6000,,0.94,0.97,0.96
1417574852,0,-4370,2814000,200,6000,,0.94,0.97,0.96
1417574882,0,-4370,2820000,200,6000,,0.94,0.96,0.96
1417574912,0,-4370,2826000,200,6000,,0.94,0.96,0.96
1417574942,0,-4370,2832000,200,6000,,0.94,0.96,0.96
1417574972,0,-4370,2838000,200,6000,,0.94,0.96,0.96
1417575002,0,-4370,2844000,200,6000,,0.94,0.96,0.96
1417575032,0,-4370,2850000,200,6000,,0.94,0.97,0.96
1417575062,0,-4370,2856000,200,6000,,0.94,0.97,0.96
1417575092,0,-4370,2862000,200,6000,,0.94,0.96,0.96
1417575122,0,-4370,2868000,200,6000,,0.94,0.96,0.96
1417575152,0,-4370,2874000,200,6000,,0.94,0.97,0.96
1417575182,0,-4370,2880000,200,6000,,0.94,0.96,0.96
1417575212,0,-4370,2886000,200,6000,,0.94,0.97,0.96
1417575242,0,-4370,2892000,200,6000,,0.94,0.96,0.96
1417575272,0,-4370,2898000,200,6000,,0.94,0.96,0.96
1417575302,0,-4370,2904000,200,6000,,0.94,0.98,0.96
1417575332,0,-4370,2910000,200,6000,,0.94,0.96,0.96
1417575362,0,-4370,2916000,200,6000,,0.94,0.96,0.96
1417575392,0,-4370,2922000,200,6000,,0.94,0.96,0.96
1417575422,0,-4370,2928000,200,6000,,0.94,0.96,0.96
1417575452,0,-4370,2934000,200,6000,,0.94,0.96,0.96
1417575482,0,-4370,2940000,200,6000,,0.94,0.96,0.96
1417575512,0,-4370,2946000,200,6000,,0.94,0.97,0.96
1417575542,0,-4370,2952000,200,6000,,0.94,0.96,0.96
1417575572,0,-4370,2958000,200,6000,,0.94,0.97,0.96
1417575602,0,-4370,2964000,200,6000,,0.94,0.96,0.96
1417575632,0,-4370,2970000,200,6000,,0.94,0.97,0.96
1417575662,0,-4370,2976000,200,6000,,0.94,0.97,0.96
1417575692,0,-4370,2982000,200,6000,,0.94,0.96,0.96
1417575722,0,-4370,2988000,200,6000,,0.94,0.96,0.96
1417575752,0,-4370,2994000,200,6000,,0.94,0.97,0.96
1417575782,0,-4370,3000000,200,6000,,0.94,0.96,0.96
1417575812,0,-4370,3006000,200,6000,,0.94,0.96,0.96
1417575842,0,-4370,3012000,200,6000,,0.94,0.96,0.96
1417575872,0,-4370,3018000,200,6000,,0.94,0.96,0.96
1417575902,0,-4370,3024000,200,6000,,0.68,0.97,0.87
1417575932,0,-4370,3030000,200,6000,,0.68,0.70,0.70
1417575962,0,-4370,3036000,200,6000,,0.68,0.70,0.70
1417575992,0,-4370,3042000,200,6000,,0.68,0.71,0.70
1417576022,0,-4370,3048000,200,6000,,0.68,0.70,0.70
1417576052,0,-4370,3054000,200,6000,,0.68,0.70,0.70
1417576082,0,-4370,3060000,200,6000,,0.68,0.71,0.70
1417576112,0,-4370,3066000,200,6000,,0.68,0.70,0.70
1417576142,0,-4370,3072000,200,6000,,0.68,0.70,0.70
1417576172,0,-4370,3078000,200,6000,,0.68,0.71,0.70
1417576202,0,-4370,3084000,200,6000,,0.68,0.71,0.70
1417576232,0,-4370,3090000,200,6000,,0.68,0.70,0.70
1417576262,0,-4370,3096000,200,6000,,0.68,0.71,0.70
1417576292,0,-4370,3102000,200,6000,,0.68,0.70,0.70
1417576322,0,-4370,3108000,200,6000,,0.68,0.70,0.70
1417576352,0,-4370,3114000,200,6000,,0.68,0.70,0.70
1417576382,0,-4370,3120000,200,6000,,0.68,0.70,0.70
1417576412,0,-4370,3126000,200,6000,,0.68,0.70,0.70
1417576442,0,-4370,3132000,200,6000,,0.68,0.71,0.70
1417576472,0,-4370,3138000,200,6000,,0.68,0.70,0.70
1417576502,0,-4370,3144000,200,6000,,0.68,0.70,0.70
1417576532,0,-4370,3150000,200,6000,,0.68,0.70,0.70
1417576562,0,-4370,3156000,200,6000,,0.68,0.70,0.70
1417576592,0,-4370,3162000,200,6000,,0.68,0.70,0.70
1417576622,0,-4370,3168000,200,6000,,0.68,0.71,0.70
1417576652,0,-4370,3174000,200,6000,,0.68,0.70,0.70
1417576682,0,-4370,3180000,200,6000,,0.68,0.70,0.70
1417576712,0,-4370,3186000,200,6000,,0.68,0.71,0.70
1417576742,0,-4370,3192000,200,6000,,0.68,0.70,0.70
1417576772,0,-4370,3198000,200,6000,,0.68,0.70,0.70
1417576802,0,-4370,3204000,200,6000,,0.68,0.71,0.70
1417576832,0,-4370,3210000,200,6000,,0.68,0.70,0.70
1417576862,0,-4370,3216000,200,6000,,0.68,0.70,0.70
1417576892,0,-4370,3222000,200,6000,,0.68,0.70,0.70
1417576922,0,-4370,3228000,200,6000,,0.68,0.70,0.70
1417576952,0,-4370,3234000,200,6000,,0.68,0.70,0.70
1417576982,0,-4370,3240000,200,6000,,0.68,0.71,0.70
1417577012,0,-4370,3246000,200,6000,,0.68,0.70,0.70
1417577042,0,-4370,3252000,200,6000,,0.68,0.70,0.70
1417577072,0,-4370,3258000,200,6000,,0.68,0.70,0.70
1417577102,0,-4370,3264000,200,6000,,0.68,0.70,0.70
1417577132,0,-4370,3270000,200,6000,,0.68,0.71,0.70
1417577162,0,-4370,3276000,200,6000,,0.68,0.71,0.70
1417577192,0,-4370,3282000,200,6000,,0.68,0.70,0.70
1417577222,0,-4370,3288000,200,6000,,0.68,0.70,0.70
1417577252,0,-4370,3294000,200,6000,,0.68,0.70,0.70
1417577282,0,-4370,3300000,200,6000,,0.68,0.70,0.70
1417577312,0,-4370,3306000,200,6000,,0.68,0.71,0.70
1417577342,0,-4370,3312000,200,6000,,0.68,0.71,0.70
1417577372,0,-4370,3318000,200,6000,,0.68,0.70,0.70
1417577402,0,-4370,3324000,200,6000,,0.68,0.71,0.70
1417577432,0,-4370,3330000,200,6000,,0.68,0.70,0.70
1417577462,0,-4370,3336000,200,6000,,0.68,0.70,0.70
1417577492,0,-4370,3342000,200,6000,,0.68,0.71,0.70
1417577522,0,-4370,3348000,200,6000,,0.68,0.70,0.70
1417577552,0,-4370,3354000,200,6000,,0.68,0.70,0.70
1417577582,0,-4370,3360000,200,6000,,0.68,0.70,0.70
1417577612,0,-4370,3366000,200,6000,,0.68,0.70,0.70
1417577642,0,-4370,3372000,200,6000,,0.68,0.70,0.70
1417577672,0,-4370,3378000,200,6000,,0.68,0.71,0.70
1417577702,0,-4370,3384000,200,6000,,0.68,0.70,0.70
1417577732,0,-4370,3390000,200,6000,,0.68,0.70,0.70
1417577762,0,-4370,3396000,200,6000,,0.68,0.70,0.70
1417577792,0,-4370,3402000,200,6000,,0.68,0.70,0.70
1417577822,0,-4370,3408000,200,6000,,0.68,0.70,0.70
1417577852,0,-4370,3414000,200,6000,,0.68,0.71,0.70
1417577882,0,-4370,3420000,200,6000,,0.68,0.70,0.70
1417577912,0,-4370,3426000,200,6000,,0.68,0.70,0.70
1417577942,0,-4370,3432000,200,6000,,0.68,0.70,0.70
1417577972,0,-4370,3438000,200,6000,,0.68,0.70,0.70
1417578002,0,-4370,3444000,200,6000,,0.68,0.70,0.70
1417578032,0,-4370,3450000,200,6000,,0.68,0.71,0.70
1417578062,0,-4370,3456000,200,6000,,0.68,0.70,0.70
1417578092,0,-4370,3462000,200,6000,,0.68,0.70,0.70
1417578122,0,-4370,3468000,200,6000,,0.68,0.72,0.70
1417578152,0,-4370,3474000,200,6000,,0.68,0.70,0.70
1417578182,0,-4370,3480000,200,6000,,0.68,0.70,0.70
1417578212,0,-4370,3486000,200,6000,,0.68,0.70,0.70
1417578242,0,-4370,3492000,200,6000,,0.68,0.70,0.70
1417578272,0,-4370,3498000,200,6000,,0.68,0.70,0.70
1417578302,0,-4370,3504000,200,6000,,0.68,0.71,0.70
1417578332,0,-4370,3510000,200,6000,,0.68,0.70,0.70
1417578362,0,-4370,3516000,200,6000,,0.68,0.70,0.70
1417578392,0,-4370,3522000,200,6000,,0.68,0.70,0.70
1417578422,0,-4370,3528000,200,6000,,0.68,0.70,0.70
1417578452,0,-4370,3534000,200,6000,,0.68,0.70,0.70
1417578482,0,-4370,3540000,200,6000,,0.68,0.70,0.70
1417578512,0,-4370,3546000,200,6000,,0.68,0.70,0.70
1417578542,0,-4370,3552000,200,6000,,0.68,0.70,0.70
1417578572,0,-4370,3558000,200,6000,,0.68,0.71,0.70
1417578602,0,-4370,3564000,200,6000,,0.68,0.70,0.70
1417578632,0,-4370,3570000,200,6000,,0.68,0.71,0.70
1417578662,0,-4370,3576000,200,6000,,0.47,0.96,0.69
1417578692,0,-4370,3582000,200,6000,,0.47,0.49,0.48
1417578722,0,-4370,3588000,200,6000,,0.47,0.50,0.48
1417578752,0,-4370,3594000,200,6000,,0.47,0.50,0.48
1417578782,0,-4370,3600000,200,6000,,0.47,0.49,0.48
1417578812,0,-4370,3606000,200,6000,,0.47,0.50,0.48
1417578842,0,-4370,3612000,200,6000,,0.47,0.49,0.48
1417578872,0,-4370,3618000,200,6000,,0.47,0.96,0.50
1417578902,0,-4370,3624000,200,6000,,0.47,0.50,0.48
1417578932,0,-4370,3630000,200,6000,,0.47,0.49,0.48
1417578962,0,-4370,3636000,200,6000,,0.47,0.49,0.48
1417578992,0,-4370,3642000,200,6000,,0.47,0.50,0.48
1417579022,0,-4370,3648000,200,6000,,0.47,0.96,0.49
1417579052,0,-4370,3654000,200,6000,,0.47,0.96,0.49
1417579082,0,-4370,3660000,200,6000,,0.47,0.96,0.48
1417579112,0,-4370,3666000,200,6000,,0.47,0.49,0.48
1417579142,0,-4370,3672000,200,6000,,0.47,0.49,0.48
1417579172,0,-4370,3678000,200,6000,,0.47,0.96,0.49
1417579202,0,-4370,3684000,200,6000,,0.47,0.49,0.48
1417579232,0,-4370,3690000,200,6000,,0.47,0.96,0.48
1417579262,0,-4370,3696000,200,6000,,0.47,0.49,0.48
1417579292,0,-4370,3702000,200,6000,,0.47,0.96,0.49
1417579322,0,-4370,3708000,200,6000,,0.47,0.49,0.48
1417579352,0,-4370,3714000,200,6000,,0.47,0.50,0.48
1417579382,0,-4370,3720000,200,6000,,0.47,0.49,0.48
1417579412,0,-4370,3726000,200,6000,,0.47,0.49,0.48
1417579442,0,-4370,3732000,200,6000,,0.47,0.49,0.48
1417579472,0,-4370,3738000,200,6000,,0.47,0.49,0.48
1417579502,0,-4370,3744000,200,6000,,0.47,0.49,0.48
1417579532,0,-4370,3750000,200,6000,,0.47,0.96,0.49
1417579562,0,-4370,3756000,200,6000,,0.47,0.49,0.48
1417579592,0,-4370,3762000,200,6000,,0.47,0.49,0.48
1417579622,0,-4370,3768000,200,6000,,0.47,0.49,0.48
1417579652,0,-4370,3774000,200,6000,,0.47,0.96,0.49
1417579682,0,-4370,3780000,200,6000,,0.47,0.49,0.48
1417579712,0,-4370,3786000,200,6000,,0.47,0.49,0.48
1417579742,0,-4370,3792000,200,6000,,0.47,0.49,0.48
1417579772,0,-4370,3798000,200,6000,,0.47,0.49,0.48
1417579802,0,-4370,3804000,200,6000,,0.47,0.50,0.48
1417579832,0,-4370,3810000,200,6000,,0.47,0.49,0.48
1417579862,0,-4370,3816000,200,6000,,0.47,0.49,0.48
1417579892,0,-4370,3822000,200,6000,,0.47,0.49,0.48
1417579922,0,-4370,3828000,200,6000,,0.47,0.96,0.49
1417579952,0,-4370,3834000,200,6000,,0.47,0.96,0.48
1417579982,0,-4370,3840000,200,6000,,0.47,0.49,0.48
1417580012,0,-4370,3846000,200,6000,,0.47,0.49,0.48
1417580042,0,-4370,3852000,200,6000,,0.47,0.49,0.48
1417580072,0,-4370,3858000,200,6000,,0.47,0.49,0.48
1417580102,0,-4370,3864000,200,6000,,0.47,0.49,0.48
1417580132,0,-4370,3870000,200,6000,,0.47,0.96,0.48
1417580162,0,-4370,3876000,200,6000,,0.47,0.49,0.48
1417580192,0,-4370,3882000,200,6000,,0.47,0.49,0.48
1417580222,0,-4370,3888000,200,6000,,0.47,0.49,0.48
1417580252,0,-4370,3894000,200,6000,,0.47,0.97,0.78
1417580282,0,-4370,3900000,200,6000,,0.94,0.97,0.96
1417580312,0,-4370,3906000,200,6000,,0.94,0.97,0.96
1417580342,0,-4370,3912000,200,6000,,0.94,0.97,0.96
1417580372,0,-4370,3918000,200,6000,,0.68,0.96,0.72
1417580402,0,-4370,3924000,200,6000,,0.68,0.71,0.70
1417580432,0,-4370,3930000,200,6000,,0.68,0.71,0.70
1417580462,0,-4370,3936000,200,6000,,0.68,0.70,0.70
1417580492,0,-4370,3942000,200,6000,,0.68,0.70,0.70
1417580522,0,-4370,3948000,200,6000,,0.68,0.71,0.70
1417580552,0,-4370,3954000,200,6000,,0.68,0.70,0.70
1417580582,0,-4370,3960000,200,6000,,0.68,0.71,0.70
1417580612,0,-4370,3966000,200,6000,,0.68,0.96,0.82
1417580642,0,-4370,3972000,200,6000,,0.94,0.96,0.96
1417580672,0,-4370,3978000,200,6000,,0.94,0.97,0.96
1417580702,0,-4370,3984000,200,6000,,0.94,0.97,0.96
1417580732,0,-4370,3990000,200,6000,,0.94,0.97,0.96
1417580762,0,-4370,3996000,200,6000,,0.94,0.97,0.96
1417580792,0,-4370,4002000,200,6000,,0.94,0.96,0.96
1417580822,0,-4370,4008000,200,6000,,0.94,0.97,0.96
1417580852,0,-4370,4014000,200,6000,,0.94,0.96,0.96
1417580882,0,-4370,4020000,200,6000,,0.94,0.96,0.96
1417580912,0,-4370,4026000,200,6000,,0.94,0.96,0.96
1417580942,0,-4370,4032000,200,6000,,0.94,0.97,0.96
1417580972,0,-4370,4038000,200,6000,,0.94,0.97,0.96
1417581002,0,-4370,4044000,200,6000,,0.94,0.97,0.96
1417581032,0,-4370,4050000,200,6000,,0.94,0.96,0.96
1417581062,0,-4370,4056000,200,6000,,0.94,0.96,0.96
1417581092,0,-4370,4062000,200,6000,,0.94,0.96,0.96
1417581122,0,-4370,4068000,200,6000,,0.94,0.97,0.96
1417581152,0,-4370,4074000,200,6000,,0.94,0.97,0.96
1417581182,0,-4370,4080000,200,6000,,0.94,0.97,0.96
1417581212,0,-4370,4086000,200,6000,,0.94,0.96,0.96
1417581242,0,-4370,4092000,200,6000,,0.94,0.97,0.96
1417581272,0,-4370,4098000,200,6000,,0.94,0.96,0.96
1417581302,0,-4370,4104000,200,6000,,0.94,0.97,0.96
1417581332,0,-4370,4110000,200,6000,,0.94,0.96,0.96
1417581362,0,-4370,4116000,200,6000,,0.94,0.97,0.96
1417581392,0,-4370,4122000,200,6000,,0.94,0.96,0.96
1417581422,0,-4370,4128000,200,6000,,0.94,0.96,0.96
1417581452,0,-4370,4134000,200,6000,,0.94,0.97,0.96
1417581482,0,-4370,4140000,200,6000,,0.94,0.98,0.96
1417581512,0,-4370,4146000,200,6000,,0.94,0.96,0.96
1417581542,0,-4370,4152000,200,6000,,0.47,0.96,0.58
1417581572,0,-4370,4158000,200,6000,,0.47,0.49,0.48
1417581602,0,-4370,4164000,200,6000,,0.47,0.49,0.48
1417581632,0,-4370,4170000,200,6000,,0.47,0.49,0.48
1417581662,0,-4370,4176000,200,6000,,0.47,0.49,0.48
1417581692,0,-4370,4182000,200,6000,,0.47,0.49,0.48
1417581722,0,-4370,4188000,200,6000,,0.47,0.49,0.48
1417581752,0,-4370,4194000,200,6000,,0.47,0.49,0.48
1417581782,0,-4370,4200000,200,6000,,0.47,0.49,0.48
1417581812,0,-4370,4206000,200,6000,,0.47,0.49,0.48
1417581842,0,-4370,4212000,200,6000,,0.47,0.49,0.48
1417581872,0,-4370,4218000,200,6000,,0.47,0.49,0.48
1417581902,0,-4370,4224000,200,6000,,0.47,0.50,0.48
1417581932,0,-4370,4230000,200,6000,,0.47,0.49,0.48
1417581962,0,-4370,4236000,200,6000,,0.47,0.49,0.48
1417581992,0,-4370,4242000,200,6000,,0.47,0.49,0.48
1417582022,0,-4370,4248000,200,6000,,0.47,0.49,0.48
1417582052,0,-4370,4254000,200,6000,,0.47,0.49,0.48
1417582082,0,-4370,4260000,200,6000,,0.47,0.49,0.48
1417582112,0,-4370,4266000,200,6000,,0.47,0.49,0.48
1417582142,0,-4370,4272000,200,6000,,0.47,0.96,0.55
1417582172,0,-4370,4278000,200,6000,,0.47,0.50,0.48
1417582202,0,-4370,4284000,200,6000,,0.47,0.96,0.56
1417582232,0,-4370,4290000,200,6000,,0.47,0.96,0.75
1417582262,0,-4370,4296000,200,6000,,0.47,0.96,0.60
1417582292,0,-4370,4302000,200,6000,,0.47,0.97,0.91
1417582322,0,-4370,4308000,200,6000,,0.48,0.97,0.96
1417582352,0,-4370,4314000,200,6000,,0.47,0.97,0.96
1417582382,0,-4370,4320000,200,6000,,0.48,0.96,0.96
1417582412,0,-4370,4326000,200,6000,,0.48,0.97,0.96
1417582442,0,-4370,4332000,200,6000,,0.48,0.97,0.96
1417582472,0,-4370,4338000,200,6000,,0.48,0.97,0.96
1417582502,0,-4370,4344000,200,6000,,0.47,0.97,0.95
1417582532,0,-4370,4350000,200,6000,,0.48,0.97,0.95
1417582562,0,-4370,4356000,200,6000,,0.48,0.96,0.96
1417582592,0,-4370,4362000,200,6000,,0.48,0.97,0.96
1417582622,0,-4370,4368000,200,6000,,0.48,0.97,0.96
1417582652,0,-4370,4374000,200,6000,,0.94,0.96,0.96
1417582682,0,-4370,4380000,200,6000,,0.48,0.97,0.96
1417582712,0,-4370,4386000,200,6000,,0.48,0.97,0.96
1417582742,0,-4370,4392000,200,6000,,0.48,0.97,0.96
1417582772,0,-4370,4398000,200,6000,,0.48,0.97,0.96
1417582802,0,-4370,4404000,200,6000,,0.94,0.97,0.96
1417582832,0,-4370,4410000,200,6000,,0.94,0.97,0.96
1417582862,0,-4370,4416000,200,6000,,0.48,0.96,0.96
1417582892,0,-4370,4422000,200,6000,,0.94,0.97,0.96
1417582922,0,-4370,4428000,200,6000,,0.94,0.97,0.96
1417582952,0,-4370,4434000,200,6000,,0.47,0.96,0.81
1417582982,0,-4370,4440000,200,6000,,0.47,0.50,0.48
1417583012,0,-4370,4446000,200,6000,,0.47,0.49,0.48
1417583042,0,-4370,4452000,200,6000,,0.47,0.49,0.48
1417583072,0,-4370,4458000,200,6000,,0.47,0.49,0.48
1417583102,0,-4370,4464000,200,6000,,0.47,0.49,0.48
1417583132,0,-4370,4470000,200,6000,,0.47,0.50,0.48
1417583162,0,-4370,4476000,200,6000,,0.47,0.50,0.48
1417583192,0,-4370,4482000,200,6000,,0.47,0.96,0.48
1417583222,0,-4370,4488000,200,6000,,0.47,0.49,0.48
1417583252,0,-4370,4494000,200,6000,,0.47,0.49,0.48
1417583282,0,-4370,4500000,200,6000,,0.47,0.49,0.48
1417583312,0,-4370,4506000,200,6000,,0.47,0.49,0.48
1417583342,0,-4370,4512000,200,6000,,0.47,0.49,0.48
1417583372,0,-4370,4518000,200,6000,,0.47,0.49,0.48
1417583402,0,-4370,4524000,200,6000,,0.47,0.49,0.48
1417583432,0,-4370,4530000,200,6000,,0.47,0.49,0.48
1417583462,0,-4370,4536000,200,6000,,0.47,0.49,0.48
1417583492,0,-4370,4542000,200,6000,,0.47,0.50,0.48
1417583522,0,-4370,4548000,200,6000,,0.47,0.96,0.51
1417583552,0,-4370,4554000,200,6000,,0.24,0.96,0.52
1417583582,0,-4370,4560000,200,6000,,-8.827e-03,0.96,0.51
1417583612,0,-4370,4566000,200,6000,,0.33,0.96,0.48
1417583642,0,-4370,4572000,200,6000,,0.47,0.95,0.48
1417583672,0,-4370,4578000,200,6000,,0.47,0.96,0.48
1417583702,0,-4370,4584000,200,6000,,0.47,0.96,0.48
1417583732,0,-4370,4590000,200,6000,,0.47,0.49,0.48
1417583762,0,-4370,4596000,200,6000,,0.47,0.50,0.48
1417583792,0,-4370,4602000,200,6000,,0.47,0.49,0.48
1417583822,0,-4370,4608000,200,6000,,0.47,0.49,0.48
1417583852,0,-4370,4614000,200,6000,,0.47,0.50,0.48
1417583882,0,-4370,4620000,200,6000,,0.47,0.49,0.48
1417583912,0,-4370,4626000,200,6000,,0.47,0.49,0.48
1417583942,0,-4370,4632000,200,6000,,0.47,0.49,0.48
1417583972,0,-4370,4638000,200,6000,,0.47,0.49,0.48
1417584002,0,-4370,4644000,200,6000,,0.47,0.49,0.48
1417584032,0,-4370,4650000,200,6000,,0.47,0.49,0.48
1417584062,0,-4370,4656000,200,6000,,0.47,0.49,0.48
1417584092,0,-4370,4662000,200,6000,,0.47,0.49,0.48
1417584122,0,-4370,4668000,200,6000,,0.47,0.49,0.48
1417584152,0,-4370,4674000,200,6000,,0.47,0.49,0.48
1417584182,0,-4370,4680000,200,6000,,0.47,0.49,0.48
1417584212,0,-4370,4686000,200,6000,,0.47,0.50,0.48
1417584242,0,-4370,4692000,200,6000,,0.47,0.49,0.48
1417584272,0,-4370,4698000,200,6000,,0.47,0.49,0.48
1417584302,0,-4370,4704000,200,6000,,0.47,0.49,0.48
1417584332,0,-4370,4710000,200,6000,,0.47,0.49,0.48
1417584362,0,-4370,4716000,200,6000,,0.47,0.49,0.48
1417584392,0,-4370,4722000,200,6000,,0.47,0.50,0.48
1417584422,0,-4370,4728000,200,6000,,0.47,0.49,0.48
1417584452,0,-4370,4734000,200,6000,,0.47,0.50,0.48
1417584482,0,-4370,4740000,200,6000,,0.47,0.49,0.48
1417584512,0,-4370,4746000,200,6000,,0.47,0.49,0.48
1417584542,0,-4370,4752000,200,6000,,0.47,0.50,0.48
1417584572,0,-4370,4758000,200,6000,,0.47,0.50,0.48
1417584602,0,-4370,4764000,200,6000,,0.47,0.49,0.48
1417584632,0,-4370,4770000,200,6000,,0.47,0.49,0.48
1417584662,0,-4370,4776000,200,6000,,0.47,0.49,0.48
1417584692,0,-4370,4782000,200,6000,,0.47,0.49,0.48
1417584722,0,-4370,4788000,200,6000,,0.47,0.49,0.48
1417584752,0,-4370,4794000,200,6000,,0.47,0.49,0.48
1417584782,0,-4370,4800000,200,6000,,0.47,0.49,0.48
1417584812,0,-4370,4806000,200,6000,,0.47,0.49,0.48
1417584842,0,-4370,4812000,200,6000,,0.47,0.49,0.48
1417584872,0,-4370,4818000,200,6000,,0.47,0.49,0.48
1417584902,0,-4370,4824000,200,6000,,0.47,0.49,0.48
1417584932,0,-4370,4830000,200,6000,,0.47,0.49,0.48
1417584962,0,-4370,4836000,200,6000,,0.47,0.49,0.48
1417584992,0,-4370,4842000,200,6000,,0.47,0.49,0.48
1417585022,0,-4370,4848000,200,6000,,0.47,0.49,0.48
1417585052,0,-4370,4854000,200,6000,,0.03,0.96,0.84
1417585082,0,-4370,4860000,200,6000,,0.94,0.96,0.96
1417585112,0,-4370,4866000,200,6000,,0.94,0.97,0.96
1417585142,0,-4370,4872000,200,6000,,0.94,0.96,0.96
1417585172,0,-4370,4878000,200,6000,,0.94,0.97,0.96
1417585202,0,-4370,4884000,200,6000,,0.94,0.97,0.96
1417585232,0,-4370,4890000,200,6000,,0.94,0.97,0.96
1417585262,0,-4370,4896000,200,6000,,0.94,0.96,0.96
1417585292,0,-4370,4902000,200,6000,,0.94,0.96,0.96
1417585322,0,-4370,4908000,200,6000,,0.94,0.96,0.96
1417585352,0,-4370,4914000,200,6000,,0.94,0.97,0.96
1417585382,0,-4370,4920000,200,6000,,0.94,0.96,0.96
1417585412,0,-4370,4926000,200,6000,,0.94,0.97,0.96
1417585442,0,-4370,4932000,200,6000,,0.94,0.97,0.96
1417585472,0,-4370,4938000,200,6000,,0.94,0.97,0.96
1417585502,0,-4370,4944000,200,6000,,0.94,0.97,0.96
1417585532,0,-4370,4950000,200,6000,,0.94,0.96,0.96
1417585562,0,-4370,4956000,200,6000,,0.94,0.96,0.96
1417585592,0,-4370,4962000,200,6000,,0.94,0.96,0.96
1417585622,0,-4370,4968000,200,6000,,0.94,0.97,0.96
1417585652,0,-4370,4974000,200,6000,,0.94,0.96,0.96
1417585682,0,-4370,4980000,200,6000,,0.94,0.96,0.96
1417585712,0,-4370,4986000,200,6000,,0.94,0.98,0.96
1417585742,0,-4370,4992000,200,6000,,0.94,0.97,0.96
1417585772,0,-4370,4998000,200,6000,,0.94,0.97,0.96
1417585802,0,-4370,5004000,200,6000,,0.68,0.96,0.90
1417585832,0,-4370,5010000,200,6000,,0.68,0.70,0.70
1417585862,0,-4370,5016000,200,6000,,0.68,0.71,0.70
1417585892,0,-4370,5022000,200,6000,,0.68,0.71,0.70
1417585922,0,-4370,5028000,200,6000,,0.68,0.70,0.70
1417585952,0,-4370,5034000,200,6000,,0.68,0.70,0.70
1417585982,0,-4370,5040000,200,6000,,0.68,0.71,0.70
1417586012,0,-4370,5046000,200,6000,,0.68,0.70,0.70
1417586042,0,-4370,5052000,200,6000,,0.68,0.70,0.70
1417586072,0,-4370,5058000,200,6000,,0.68,0.70,0.70
1417586102,0,-4370,5064000,200,6000,,0.68,0.70,0.70
1417586132,0,-4370,5070000,200,6000,,0.68,0.70,0.70
1417586162,0,-4370,5076000,200,6000,,0.68,0.70,0.70
1417586192,0,-4370,5082000,200,6000,,0.68,0.70,0.70
1417586222,0,-4370,5088000,200,6000,,0.68,0.70,0.70
1417586252,0,-4370,5094000,200,6000,,0.68,0.71,0.70
1417586282,0,-4370,5100000,200,6000,,0.68,0.70,0.70
1417586312,0,-4370,5106000,200,6000,,0.68,0.70,0.70
1417586342,0,-4370,5112000,200,6000,,0.68,0.70,0.70
1417586372,0,-4370,5118000,200,6000,,0.68,0.70,0.70
1417586402,0,-4370,5124000,200,6000,,0.68,0.70,0.70
1417586432,0,-4370,5130000,200,6000,,0.68,0.71,0.70
1417586462,0,-4370,5136000,200,6000,,0.68,0.70,0.70
1417586492,0,-4370,5142000,200,6000,,0.68,0.70,0.70
1417586522,0,-4370,5148000,200,6000,,0.68,0.70,0.70
1417586552,0,-4370,5154000,200,6000,,0.68,0.70,0.70
1417586582,0,-4370,5160000,200,6000,,0.68,0.71,0.70
1417586612,0,-4370,5166000,200,6000,,0.68,0.96,0.70
1417586642,0,-4370,5172000,200,6000,,0.68,0.70,0.70
1417586672,0,-4370,5178000,200,6000,,0.68,0.70,0.70
1417586702,0,-4370,5184000,200,6000,,0.68,0.70,0.70
1417586732,0,-4370,5190000,200,6000,,0.68,0.70,0.70
1417586762,0,-4370,5196000,200,6000,,0.68,0.70,0.70
1417586792,0,-4370,5202000,200,6000,,0.68,0.70,0.70
1417586822,0,-4370,5208000,200,6000,,0.68,0.70,0.70
1417586852,0,-4370,5214000,200,6000,,0.68,0.70,0.70
1417586882,0,-4370,5220000,200,6000,,0.68,0.71,0.70
1417586912,0,-4370,5226000,200,6000,,0.68,0.70,0.70
1417586942,0,-4370,5232000,200,6000,,0.68,0.70,0.70
1417586972,0,-4370,5238000,200,6000,,0.68,0.70,0.70
1417587002,0,-4370,5244000,200,6000,,0.68,0.70,0.70
1417587032,0,-4370,5250000,200,6000,,0.68,0.71,0.70
1417587062,0,-4370,5256000,200,6000,,0.68,0.71,0.70
1417587092,0,-4370,5262000,200,6000,,0.68,0.70,0.70
1417587122,0,-4370,5268000,200,6000,,0.68,0.70,0.70
1417587152,0,-4370,5274000,200,6000,,0.68,0.70,0.70
1417587182,0,-4370,5280000,200,6000,,0.68,0.70,0.70
1417587212,0,-4370,5286000,200,6000,,0.68,0.71,0.70
1417587242,0,-4370,5292000,200,6000,,0.68,0.70,0.70
1417587272,0,-4370,5298000,200,6000,,0.68,0.70,0.70
1417587302,0,-4370,5304000,200,6000,,0.68,0.70,0.70
1417587332,0,-4370,5310000,200,6000,,0.68,0.70,0.70
1417587362,0,-4370,5316000,200,6000,,0.68,0.70,0.70
1417587392,0,-4370,5322000,200,6000,,0.68,0.71,0.70
1417587422,0,-4370,5328000,200,6000,,0.68,0.70,0.70
1417587452,0,-4370,5334000,200,6000,,0.68,0.70,0.70
1417587482,0,-4370,5340000,200,6000,,0.68,0.70,0.70
1417587512,0,-4370,5346000,200,6000,,0.68,0.70,0.70
1417587542,0,-4370,5352000,200,6000,,0.68,0.70,0.70
1417587572,0,-4370,5358000,200,6000,,0.68,0.71,0.70
1417587602,0,-4370,5364000,200,6000,,0.68,0.70,0.70
1417587632,0,-4370,5370000,200,6000,,0.68,0.97,0.76
1417587662,0,-4370,5376000,200,6000,,0.94,0.96,0.96
1417587692,0,-4370,5382000,200,6000,,0.94,0.96,0.96
1417587722,0,-4370,5388000,200,6000,,0.94,0.97,0.96
1417587752,0,-4370,5394000,200,6000,,0.94,0.97,0.96
1417587782,0,-4370,5400000,200,6000,,0.94,0.97,0.96
1417587812,0,-4370,5406000,200,6000,,0.94,0.97,0.96
1417587842,0,-4370,5412000,200,6000,,0.94,0.97,0.96
1417587872,0,-4370,5418000,200,6000,,0.94,0.96,0.96
1417587902,0,-4370,5424000,200,6000,,0.94,0.96,0.96
1417587932,0,-4370,5430000,200,6000,,0.94,0.97,0.96
1417587962,0,-4370,5436000,200,6000,,0.94,0.96,0.96
1417587992,0,-4370,5442000,200,6000,,0.94,0.97,0.96
1417588022,0,-4370,5448000,200,6000,,0.94,0.97,0.96
1417588052,0,-4370,5454000,200,6000,,0.94,0.97,0.96
1417588082,0,-4370,5460000,200,6000,,0.94,0.97,0.96
1417588112,0,-4370,5466000,200,6000,,0.94,0.97,0.96
1417588142,0,-4370,5472000,200,6000,,0.94,0.97,0.96
1417588172,0,-4370,5478000,200,6000,,0.94,0.97,0.96
1417588202,0,-4370,5484000,200,6000,,0.94,0.98,0.96
1417588232,0,-4370,5490000,200,6000,,0.94,0.97,0.96
1417588262,0,-4370,5496000,200,6000,,0.94,0.96,0.96
1417588292,0,-4370,5502000,200,6000,,0.94,0.96,0.96
1417588322,0,-4370,5508000,200,6000,,0.94,0.97,0.96
1417588352,0,-4370,5514000,200,6000,,0.94,0.96,0.96
1417588382,0,-4370,5520000,200,6000,,0.94,0.97,0.96
1417588412,0,-4370,5526000,200,6000,,0.94,0.96,0.96
1417588442,0,-4370,5532000,200,6000,,0.94,0.97,0.96
1417588472,0,-4370,5538000,200,6000,,0.94,0.97,0.96
1417588502,0,-4370,5544000,200,6000,,0.94,0.96,0.96
1417588532,0,-4370,5550000,200,6000,,0.94,0.97,0.96
1417588562,0,-4370,5556000,200,6000,,0.94,0.97,0.96
1417588592,0,-4370,5562000,200,6000,,0.94,0.96,0.96
1417588622,0,-4370,5568000,200,6000,,0.94,0.96,0.96
1417588652,0,-4370,5574000,200,6000,,0.94,0.96,0.96
1417588682,0,-4370,5580000,200,6000,,0.94,0.96,0.96
1417588712,0,-4370,5586000,200,6000,,0.94,0.96,0.96
1417588742,0,-4370,5592000,200,6000,,0.94,0.96,0.96
1417588772,0,-4370,5598000,200,6000,,0.94,0.97,0.96
1417588802,0,-4370,5604000,200,6000,,0.94,0.97,0.96
1417588832,0,-4370,5610000,200,6000,,-9.555e-03,0.96,0.94
1417588862,0,-4370,5616000,200,6000,,-0.01,0.96,0.14
1417588892,0,-4370,5622000,200,2000,,-0.01,0.48,-2.234566e-03
