1312241259,0,-4370,0,200,6000,,62.00,71.00,65.85
1312241289,0,-4370,6000,200,6000,,64.00,77.00,69.55
1312241319,0,-4370,12000,200,6000,,66.00,80.00,70.09
1312241349,0,-4370,18000,200,6000,,63.00,78.00,67.91
1312241379,0,-4370,24000,200,6000,,64.00,69.00,66.58
1312241409,0,-4370,30000,200,6000,,60.00,80.00,70.38
1312241439,0,-4370,36000,200,6000,,65.00,78.00,69.39
1312241469,0,-4370,42000,200,6000,,64.00,69.00,66.29
1312241499,0,-4370,48000,200,6000,,66.00,71.00,68.17
1312241529,0,-4370,54000,200,6000,,66.00,73.00,68.62
1312241559,0,-4370,60000,200,6000,,63.00,75.00,66.75
1312241589,0,-4370,66000,200,6000,,62.00,70.00,66.17
1312241619,0,-4370,72000,200,6000,,66.00,71.00,67.98
1312241649,0,-4370,78000,200,6000,,64.00,72.00,67.84
1312241679,0,-4370,84000,200,6000,,64.00,74.00,67.51
1312241709,0,-4370,90000,200,6000,,62.00,69.00,65.32
1312241739,0,-4370,96000,200,6000,,64.00,75.00,68.84
1312241769,0,-4370,102000,200,6000,,61.00,68.00,64.06
1312241799,0,-4370,108000,200,6000,,65.00,73.00,67.61
1312241829,0,-4370,114000,200,6000,,65.00,69.00,67.00
1312241859,0,-4370,120000,200,6000,,65.00,80.00,68.87
1312241889,0,-4370,126000,200,6000,,58.00,78.00,64.58
1312241919,0,-4370,132000,200,6000,,67.00,78.00,71.48
1312241949,0,-4370,138000,200,6000,,63.00,68.00,65.79
1312241979,0,-4370,144000,200,6000,,63.00,71.00,65.21
1312242009,0,-4370,150000,200,6000,,65.00,78.00,70.61
1312242039,0,-4370,156000,200,6000,,62.00,78.00,69.17
1312242069,0,-4370,162000,200,6000,,66.00,83.00,74.62
1312242099,0,-4370,168000,200,6000,,55.00,76.00,64.63
1312242129,0,-4370,174000,200,6000,,64.00,78.00,69.60
1312242159,0,-4370,180000,200,6000,,61.00,67.00,64.23
1312242189,0,-4370,186000,200,6000,,60.00,78.00,66.91
1312242219,0,-4370,192000,200,6000,,62.00,68.00,64.92
1312242249,0,-4370,198000,200,6000,,63.00,65.00,64.66
1312242279,0,-4370,204000,200,6000,,58.00,75.00,65.34
1312242309,0,-4370,210000,200,6000,,63.00,80.00,67.76
1312242339,0,-4370,216000,200,6000,,58.00,80.00,67.95
1312242369,0,-4370,222000,200,6000,,62.00,76.00,66.19
1312242399,0,-4370,228000,200,6000,,64.00,67.00,65.31
1312242429,0,-4370,234000,200,6000,,57.00,75.00,64.63
1312242459,0,-4370,240000,200,6000,,60.00,72.00,62.04
1312242489,0,-4370,246000,200,6000,,62.00,77.00,65.62
1312242519,0,-4370,252000,200,6000,,60.00,80.00,66.78
1312242549,0,-4370,258000,200,6000,,60.00,75.00,65.32
1312242579,0,-4370,264000,200,6000,,62.00,84.00,71.30
1312242609,0,-4370,270000,200,6000,,62.00,67.00,63.73
1312242639,0,-4370,276000,200,6000,,60.00,67.00,63.97
1312242669,0,-4370,282000,200,6000,,61.00,65.00,63.15
1312242699,0,-4370,288000,200,6000,,62.00,67.00,64.24
1312242729,0,-4370,294000,200,6000,,58.00,68.00,63.43
1312242759,0,-4370,300000,200,6000,,59.00,88.00,74.10
1312242789,0,-4370,306000,200,6000,,64.00,90.00,75.33
1312242819,0,-4370,312000,200,6000,,65.00,70.00,67.76
1312242849,0,-4370,318000,200,6000,,61.00,77.00,65.86
1312242879,0,-4370,324000,200,6000,,62.00,73.00,65.92
1312242909,0,-4370,330000,200,6000,,58.00,75.00,63.20
1312242939,0,-4370,336000,200,6000,,61.00,69.00,64.35
1312242969,0,-4370,342000,200,6000,,63.00,77.00,70.11
1312242999,0,-4370,348000,200,6000,,60.00,67.00,63.08
1312243029,0,-4370,354000,200,6000,,62.00,67.00,64.07
1312243059,0,-4370,360000,200,6000,,57.00,79.00,64.09
1312243089,0,-4370,366000,200,6000,,55.00,78.00,66.60
1312243119,0,-4370,372000,200,6000,,55.00,75.00,64.06
1312243149,0,-4370,378000,200,6000,,57.00,78.00,62.69
1312243179,0,-4370,384000,200,6000,,61.00,74.00,64.06
1312243209,0,-4370,390000,200,6000,,55.00,73.00,59.25
1312243239,0,-4370,396000,200,6000,,53.00,76.00,62.75
1312243269,0,-4370,402000,200,6000,,54.00,65.00,60.67
1312243299,0,-4370,408000,200,6000,,60.00,67.00,61.70
1312243329,0,-4370,414000,200,6000,,56.00,80.00,64.88
1312243359,0,-4370,420000,200,6000,,52.00,75.00,59.65
1312243389,0,-4370,426000,200,6000,,57.00,62.00,60.30
1312243419,0,-4370,432000,200,6000,,61.00,64.00,62.65
1312243449,0,-4370,438000,200,6000,,55.00,64.00,59.55
1312243479,0,-4370,444000,200,6000,,60.00,65.00,62.16
1312243509,0,-4370,450000,200,6000,,61.00,64.00,62.08
1312243539,0,-4370,456000,200,6000,,60.00,64.00,61.55
1312243569,0,-4370,462000,200,6000,,61.00,65.00,62.54
1312243599,0,-4370,468000,200,6000,,60.00,65.00,62.44
1312243629,0,-4370,474000,200,6000,,61.00,64.00,61.97
1312243659,0,-4370,480000,200,6000,,61.00,63.00,62.59
1312243689,0,-4370,486000,200,6000,,61.00,65.00,62.54
1312243719,0,-4370,492000,200,6000,,56.00,67.00,61.05
1312243749,0,-4370,498000,200,6000,,62.00,68.00,63.40
1312243779,0,-4370,504000,200,6000,,54.00,80.00,62.97
1312243809,0,-4370,510000,200,6000,,54.00,62.00,59.37
1312243839,0,-4370,516000,200,6000,,60.00,64.00,61.94
1312243869,0,-4370,522000,200,6000,,60.00,65.00,62.72
1312243899,0,-4370,528000,200,6000,,55.00,74.00,63.88
1312243929,0,-4370,534000,200,6000,,52.00,60.00,55.94
1312243959,0,-4370,540000,200,6000,,53.00,75.00,62.75
1312243989,0,-4370,546000,200,6000,,59.00,63.00,61.94
1312244019,0,-4370,552000,200,6000,,58.00,63.00,60.38
1312244049,0,-4370,558000,200,6000,,58.00,65.00,61.43
1312244079,0,-4370,564000,200,6000,,55.00,63.00,59.61
1312244109,0,-4370,570000,200,6000,,59.00,63.00,60.80
1312244139,0,-4370,576000,200,6000,,60.00,63.00,61.33
1312244169,0,-4370,582000,200,6000,,59.00,64.00,60.91
1312244199,0,-4370,588000,200,6000,,60.00,63.00,61.35
1312244229,0,-4370,594000,200,6000,,53.00,75.00,62.19
1312244259,0,-4370,600000,200,6000,,58.00,62.00,60.49
1312244289,0,-4370,606000,200,6000,,58.00,61.00,60.12
1312244319,0,-4370,612000,200,6000,,60.00,64.00,61.24
1312244349,0,-4370,618000,200,6000,,60.00,63.00,61.03
1312244379,0,-4370,624000,200,6000,,60.00,63.00,61.11
1312244409,0,-4370,630000,200,6000,,60.00,64.00,61.27
1312244439,0,-4370,636000,200,6000,,60.00,63.00,60.74
1312244469,0,-4370,642000,200,6000,,55.00,63.00,59.21
1312244499,0,-4370,648000,200,6000,,59.00,62.00,61.13
1312244529,0,-4370,654000,200,6000,,60.00,63.00,61.64
1312244559,0,-4370,660000,200,6000,,54.00,62.00,58.95
1312244589,0,-4370,666000,200,6000,,60.00,64.00,61.36
1312244619,0,-4370,672000,200,6000,,58.00,65.00,61.53
1312244649,0,-4370,678000,200,6000,,61.00,71.00,65.00
1312244679,0,-4370,684000,200,6000,,51.00,71.00,56.33
1312244709,0,-4370,690000,200,6000,,57.00,61.00,58.46
1312244739,0,-4370,696000,200,6000,,52.00,74.00,62.50
1312244769,0,-4370,702000,200,6000,,53.00,81.00,63.66
1312244799,0,-4370,708000,200,6000,,53.00,83.00,60.55
1312244829,0,-4370,714000,200,6000,,52.00,76.00,63.06
1312244859,0,-4370,720000,200,6000,,55.00,71.00,59.05
1312244889,0,-4370,726000,200,6000,,52.00,75.00,59.82
1312244919,0,-4370,732000,200,6000,,55.00,74.00,62.15
1312244949,0,-4370,738000,200,6000,,52.00,71.00,58.63
1312244979,0,-4370,744000,200,6000,,58.00,61.00,59.48
1312245009,0,-4370,750000,200,6000,,59.00,61.00,59.89
1312245039,0,-4370,756000,200,6000,,57.00,64.00,60.11
1312245069,0,-4370,762000,200,6000,,58.00,61.00,60.43
1312245099,0,-4370,768000,200,6000,,59.00,63.00,60.58
1312245129,0,-4370,774000,200,6000,,60.00,64.00,61.35
1312245159,0,-4370,780000,200,6000,,59.00,63.00,60.75
1312245189,0,-4370,786000,200,6000,,59.00,63.00,60.95
1312245219,0,-4370,792000,200,6000,,55.00,63.00,59.83
1312245249,0,-4370,798000,200,6000,,55.00,64.00,59.65
1312245279,0,-4370,804000,200,6000,,61.00,84.00,68.06
1312245309,0,-4370,810000,200,6000,,61.00,82.00,65.93
1312245339,0,-4370,816000,200,6000,,50.00,74.00,58.40
1312245369,0,-4370,822000,200,6000,,51.00,61.00,57.86
1312245399,0,-4370,828000,200,6000,,57.00,61.00,59.31
1312245429,0,-4370,834000,200,6000,,59.00,63.00,60.33
1312245459,0,-4370,840000,200,6000,,59.00,63.00,60.72
1312245489,0,-4370,846000,200,6000,,55.00,62.00,59.20
1312245519,0,-4370,852000,200,6000,,58.00,62.00,59.45
1312245549,0,-4370,858000,200,6000,,60.00,62.00,60.76
1312245579,0,-4370,864000,200,6000,,59.00,63.00,60.74
1312245609,0,-4370,870000,200,6000,,60.00,63.00,61.30
1312245639,0,-4370,876000,200,6000,,60.00,64.00,62.26
1312245669,0,-4370,882000,200,6000,,57.00,67.00,61.52
1312245699,0,-4370,888000,200,6000,,60.00,65.00,62.15
1312245729,0,-4370,894000,200,6000,,54.00,67.00,59.29
1312245759,0,-4370,900000,200,6000,,51.00,74.00,57.95
1312245789,0,-4370,906000,200,6000,,58.00,62.00,60.19
1312245819,0,-4370,912000,200,6000,,58.00,61.00,59.60
1312245849,0,-4370,918000,200,6000,,54.00,61.00,57.73
1312245879,0,-4370,924000,200,6000,,56.00,62.00,60.18
1312245909,0,-4370,930000,200,6000,,59.00,62.00,60.20
1312245939,0,-4370,936000,200,6000,,58.00,62.00,60.07
1312245969,0,-4370,942000,200,6000,,59.00,62.00,60.30
1312245999,0,-4370,948000,200,6000,,60.00,64.00,61.72
1312246029,0,-4370,954000,200,6000,,62.00,76.00,67.45
1312246059,0,-4370,960000,200,6000,,56.00,68.00,58.93
1312246089,0,-4370,966000,200,6000,,59.00,64.00,60.49
1312246119,0,-4370,972000,200,6000,,59.00,63.00,60.69
1312246149,0,-4370,978000,200,6000,,52.00,61.00,56.90
1312246179,0,-4370,984000,200,6000,,59.00,62.00,60.01
1312246209,0,-4370,990000,200,6000,,60.00,62.00,61.09
1312246239,0,-4370,996000,200,6000,,50.00,73.00,58.48
1312246269,0,-4370,1002000,200,6000,,54.00,62.00,58.98
1312246299,0,-4370,1008000,200,6000,,52.00,70.00,61.94
1312246329,0,-4370,1014000,200,6000,,56.00,72.00,61.76
1312246359,0,-4370,1020000,200,6000,,54.00,65.00,60.37
1312246389,0,-4370,1026000,200,6000,,57.00,67.00,60.35
1312246419,0,-4370,1032000,200,6000,,57.00,63.00,60.08
1312246449,0,-4370,1038000,200,6000,,57.00,63.00,59.47
1312246479,0,-4370,1044000,200,6000,,55.00,75.00,63.55
1312246509,0,-4370,1050000,200,6000,,53.00,61.00,57.78
1312246539,0,-4370,1056000,200,6000,,56.00,73.00,64.64
1312246569,0,-4370,1062000,200,6000,,57.00,62.00,59.59
1312246599,0,-4370,1068000,200,6000,,58.00,63.00,59.72
1312246629,0,-4370,1074000,200,6000,,55.00,60.00,57.97
1312246659,0,-4370,1080000,200,6000,,59.00,62.00,60.07
1312246689,0,-4370,1086000,200,6000,,56.00,63.00,59.95
1312246719,0,-4370,1092000,200,6000,,57.00,70.00,61.96
1312246749,0,-4370,1098000,200,6000,,59.00,64.00,62.20
1312246779,0,-4370,1104000,200,6000,,61.00,76.00,67.95
1312246809,0,-4370,1110000,200,6000,,65.00,83.00,74.84
1312246839,0,-4370,1116000,200,6000,,64.00,79.00,69.27
1312246869,0,-4370,1122000,200,6000,,57.00,76.00,65.09
1312246899,0,-4370,1128000,200,6000,,56.00,71.00,64.94
1312246929,0,-4370,1134000,200,6000,,62.00,71.00,67.13
1312246959,0,-4370,1140000,200,6000,,71.00,75.00,72.34
1312246989,0,-4370,1146000,200,6000,,65.00,74.00,70.24
1312247019,0,-4370,1152000,200,6000,,56.00,77.00,64.87
1312247049,0,-4370,1158000,200,6000,,63.00,75.00,67.45
1312247079,0,-4370,1164000,200,6000,,57.00,71.00,65.01
1312247109,0,-4370,1170000,200,6000,,61.00,72.00,63.97
1312247139,0,-4370,1176000,200,6000,,64.00,76.00,69.68
1312247169,0,-4370,1182000,200,6000,,61.00,74.00,67.75
1312247199,0,-4370,1188000,200,6000,,65.00,75.00,68.47
1312247229,0,-4370,1194000,200,6000,,53.00,67.00,63.30
1312247259,0,-4370,1200000,200,6000,,60.00,75.00,67.01
1312247289,0,-4370,1206000,200,6000,,65.00,78.00,70.43
1312247319,0,-4370,1212000,200,6000,,65.00,74.00,71.32
1312247349,0,-4370,1218000,200,6000,,63.00,71.00,67.08
1312247379,0,-4370,1224000,200,6000,,64.00,73.00,66.94
1312247409,0,-4370,1230000,200,6000,,65.00,68.00,66.74
1312247439,0,-4370,1236000,200,6000,,62.00,70.00,66.13
1312247469,0,-4370,1242000,200,6000,,61.00,70.00,64.63
1312247499,0,-4370,1248000,200,6000,,61.00,67.00,63.98
1312247529,0,-4370,1254000,200,6000,,61.00,71.00,64.08
1312247559,0,-4370,1260000,200,6000,,63.00,73.00,67.75
1312247589,0,-4370,1266000,200,6000,,60.00,67.00,62.68
1312247619,0,-4370,1272000,200,6000,,52.00,67.00,59.04
1312247649,0,-4370,1278000,200,6000,,62.00,66.00,64.05
1312247679,0,-4370,1284000,200,6000,,51.00,72.00,61.34
1312247709,0,-4370,1290000,200,6000,,56.00,63.00,59.97
1312247739,0,-4370,1296000,200,6000,,57.00,72.00,65.35
1312247769,0,-4370,1302000,200,6000,,57.00,73.00,66.49
1312247799,0,-4370,1308000,200,6000,,56.00,80.00,64.90
1312247829,0,-4370,1314000,200,6000,,59.00,63.00,61.30
1312247859,0,-4370,1320000,200,6000,,56.00,64.00,59.45
1312247889,0,-4370,1326000,200,6000,,61.00,63.00,62.12
1312247919,0,-4370,1332000,200,6000,,60.00,73.00,64.15
1312247949,0,-4370,1338000,200,6000,,54.00,72.00,59.73
1312247979,0,-4370,1344000,200,6000,,61.00,75.00,72.39
1312248009,0,-4370,1350000,200,6000,,58.00,68.00,60.89
1312248039,0,-4370,1356000,200,6000,,56.00,65.00,59.95
1312248069,0,-4370,1362000,200,6000,,48.00,61.00,56.08
1312248099,0,-4370,1368000,200,6000,,61.00,67.00,63.55
1312248129,0,-4370,1374000,200,6000,,58.00,70.00,63.23
1312248159,0,-4370,1380000,200,6000,,57.00,67.00,60.54
1312248189,0,-4370,1386000,200,6000,,64.00,85.00,70.26
1312248219,0,-4370,1392000,200,6000,,64.00,90.00,75.04
1312248249,0,-4370,1398000,200,6000,,60.00,67.00,62.44
1312248279,0,-4370,1404000,200,6000,,55.00,64.00,60.59
1312248309,0,-4370,1410000,200,6000,,61.00,67.00,63.21
1312248339,0,-4370,1416000,200,6000,,56.00,63.00,60.41
1312248369,0,-4370,1422000,200,6000,,57.00,68.00,62.75
1312248399,0,-4370,1428000,200,6000,,54.00,65.00,59.83
1312248429,0,-4370,1434000,200,6000,,56.00,63.00,60.50
1312248459,0,-4370,1440000,200,6000,,58.00,63.00,60.59
1312248489,0,-4370,1446000,200,6000,,59.00,66.00,62.10
1312248519,0,-4370,1452000,200,6000,,59.00,65.00,61.65
1312248549,0,-4370,1458000,200,6000,,55.00,62.00,59.51
1312248579,0,-4370,1464000,200,6000,,62.00,65.00,62.86
1312248609,0,-4370,1470000,200,6000,,61.00,65.00,62.30
1312248639,0,-4370,1476000,200,6000,,59.00,65.00,61.66
1312248669,0,-4370,1482000,200,6000,,56.00,63.00,60.64
1312248699,0,-4370,1488000,200,6000,,55.00,62.00,59.45
1312248729,0,-4370,1494000,200,6000,,58.00,71.00,63.24
1312248759,0,-4370,1500000,200,6000,,58.00,63.00,60.39
1312248789,0,-4370,1506000,200,6000,,60.00,68.00,62.60
1312248819,0,-4370,1512000,200,6000,,60.00,64.00,61.95
1312248849,0,-4370,1518000,200,6000,,59.00,65.00,61.59
1312248879,0,-4370,1524000,200,6000,,58.00,64.00,61.24
1312248909,0,-4370,1530000,200,6000,,58.00,64.00,62.03
1312248939,0,-4370,1536000,200,6000,,60.00,63.00,61.29
1312248969,0,-4370,1542000,200,6000,,60.00,70.00,63.83
1312248999,0,-4370,1548000,200,6000,,63.00,90.00,78.13
1312249029,0,-4370,1554000,200,6000,,57.00,68.00,61.75
1312249059,0,-4370,1560000,200,6000,,60.00,69.00,63.25
1312249089,0,-4370,1566000,200,6000,,60.00,65.00,62.02
1312249119,0,-4370,1572000,200,6000,,56.00,65.00,59.58
1312249149,0,-4370,1578000,200,6000,,61.00,68.00,63.89
1312249179,0,-4370,1584000,200,6000,,60.00,64.00,61.86
1312249209,0,-4370,1590000,200,6000,,60.00,65.00,62.15
1312249239,0,-4370,1596000,200,6000,,54.00,64.00,60.40
1312249269,0,-4370,1602000,200,6000,,60.00,65.00,62.18
1312249299,0,-4370,1608000,200,6000,,55.00,63.00,59.49
1312249329,0,-4370,1614000,200,6000,,57.00,61.00,58.80
1312249359,0,-4370,1620000,200,6000,,56.00,62.00,59.36
1312249389,0,-4370,1626000,200,6000,,60.00,65.00,62.01
1312249419,0,-4370,1632000,200,6000,,60.00,63.00,61.07
1312249449,0,-4370,1638000,200,6000,,59.00,64.00,61.05
1312249479,0,-4370,1644000,200,6000,,59.00,64.00,60.84
1312249509,0,-4370,1650000,200,6000,,60.00,72.00,64.83
1312249539,0,-4370,1656000,200,6000,,57.00,63.00,59.53
1312249569,0,-4370,1662000,200,6000,,58.00,63.00,60.02
1312249599,0,-4370,1668000,200,6000,,60.00,64.00,61.25
1312249629,0,-4370,1674000,200,6000,,60.00,62.00,60.60
1312249659,0,-4370,1680000,200,6000,,60.00,64.00,61.32
1312249689,0,-4370,1686000,200,6000,,54.00,62.00,58.86
1312249719,0,-4370,1692000,200,6000,,60.00,63.00,61.16
1312249749,0,-4370,1698000,200,6000,,60.00,62.00,60.86
1312249779,0,-4370,1704000,200,6000,,59.00,65.00,61.96
1312249809,0,-4370,1710000,200,6000,,55.00,62.00,58.82
1312249839,0,-4370,1716000,200,6000,,59.00,64.00,61.82
1312249869,0,-4370,1722000,200,6000,,54.00,62.00,58.87
1312249899,0,-4370,1728000,200,6000,,59.00,64.00,60.96
1312249929,0,-4370,1734000,200,6000,,57.00,62.00,60.01
1312249959,0,-4370,1740000,200,6000,,59.00,62.00,60.65
1312249989,0,-4370,1746000,200,6000,,59.00,65.00,62.21
1312250019,0,-4370,1752000,200,6000,,55.00,62.00,59.18
1312250049,0,-4370,1758000,200,6000,,59.00,62.00,60.16
1312250079,0,-4370,1764000,200,6000,,60.00,70.00,63.78
1312250109,0,-4370,1770000,200,6000,,59.00,75.00,64.91
1312250139,0,-4370,1776000,200,6000,,58.00,65.00,60.26
1312250169,0,-4370,1782000,200,6000,,59.00,63.00,61.12
1312250199,0,-4370,1788000,200,6000,,55.00,62.00,59.33
1312250229,0,-4370,1794000,200,6000,,60.00,64.00,61.20
1312250259,0,-4370,1800000,200,6000,,59.00,64.00,61.20
1312250289,0,-4370,1806000,200,6000,,60.00,63.00,61.12
1312250319,0,-4370,1812000,200,6000,,55.00,62.00,59.16
1312250349,0,-4370,1818000,200,6000,,58.00,63.00,60.67
1312250379,0,-4370,1824000,200,6000,,57.00,64.00,60.19
1312250409,0,-4370,1830000,200,6000,,59.00,63.00,60.63
1312250439,0,-4370,1836000,200,6000,,54.00,62.00,58.79
1312250469,0,-4370,1842000,200,6000,,60.00,63.00,60.91
1312250499,0,-4370,1848000,200,6000,,59.00,63.00,60.65
1312250529,0,-4370,1854000,200,6000,,58.00,61.00,59.55
1312250559,0,-4370,1860000,200,6000,,60.00,71.00,62.35
1312250589,0,-4370,1866000,200,6000,,60.00,81.00,70.24
1312250619,0,-4370,1872000,200,6000,,53.00,73.00,60.21
1312250649,0,-4370,1878000,200,6000,,54.00,66.00,60.73
1312250679,0,-4370,1884000,200,6000,,51.00,65.00,57.18
1312250709,0,-4370,1890000,200,6000,,59.00,64.00,60.84
1312250739,0,-4370,1896000,200,6000,,54.00,66.00,59.60
1312250769,0,-4370,1902000,200,6000,,58.00,67.00,61.27
1312250799,0,-4370,1908000,200,6000,,54.00,74.00,66.10
1312250829,0,-4370,1914000,200,6000,,50.00,73.00,62.79
1312250859,0,-4370,1920000,200,6000,,62.00,82.00,74.21
1312250889,0,-4370,1926000,200,6000,,59.00,80.00,67.27
1312250919,0,-4370,1932000,200,6000,,54.00,74.00,60.35
1312250949,0,-4370,1938000,200,6000,,53.00,75.00,61.02
1312250979,0,-4370,1944000,200,6000,,57.00,75.00,62.69
1312251009,0,-4370,1950000,200,6000,,56.00,71.00,59.30
1312251039,0,-4370,1956000,200,6000,,58.00,73.00,64.60
1312251069,0,-4370,1962000,200,6000,,59.00,76.00,65.72
1312251099,0,-4370,1968000,200,6000,,52.00,78.00,58.67
1312251129,0,-4370,1974000,200,6000,,54.00,72.00,62.98
1312251159,0,-4370,1980000,200,6000,,53.00,64.00,57.02
1312251189,0,-4370,1986000,200,6000,,56.00,61.00,59.69
1312251219,0,-4370,1992000,200,6000,,53.00,73.00,60.75
1312251249,0,-4370,1998000,200,6000,,52.00,77.00,61.79
1312251279,0,-4370,2004000,200,6000,,54.00,75.00,62.70
1312251309,0,-4370,2010000,200,6000,,50.00,58.00,55.27
1312251339,0,-4370,2016000,200,6000,,56.00,61.00,58.00
1312251369,0,-4370,2022000,200,6000,,52.00,64.00,59.11
1312251399,0,-4370,2028000,200,6000,,52.00,68.00,59.76
1312251429,0,-4370,2034000,200,6000,,51.00,59.00,54.66
1312251459,0,-4370,2040000,200,6000,,54.00,63.00,57.01
1312251489,0,-4370,2046000,200,6000,,51.00,63.00,56.16
1312251519,0,-4370,2052000,200,6000,,55.00,60.00,56.95
1312251549,0,-4370,2058000,200,6000,,56.00,59.00,58.31
1312251579,0,-4370,2064000,200,6000,,56.00,60.00,57.56
1312251609,0,-4370,2070000,200,6000,,56.00,60.00,57.80
1312251639,0,-4370,2076000,200,6000,,55.00,59.00,57.17
1312251669,0,-4370,2082000,200,6000,,57.00,65.00,59.54
1312251699,0,-4370,2088000,200,6000,,60.00,73.00,64.29
1312251729,0,-4370,2094000,200,6000,,53.00,73.00,60.10
1312251759,0,-4370,2100000,200,6000,,56.00,61.00,57.93
1312251789,0,-4370,2106000,200,6000,,56.00,58.00,56.92
1312251819,0,-4370,2112000,200,6000,,57.00,68.00,60.43
1312251849,0,-4370,2118000,200,6000,,53.00,58.00,54.94
1312251879,0,-4370,2124000,200,6000,,51.00,58.00,55.17
1312251909,0,-4370,2130000,200,6000,,55.00,60.00,57.15
1312251939,0,-4370,2136000,200,6000,,56.00,58.00,56.77
1312251969,0,-4370,2142000,200,6000,,55.00,67.00,59.73
1312251999,0,-4370,2148000,200,6000,,56.00,79.00,64.76
1312252029,0,-4370,2154000,200,6000,,55.00,69.00,60.48
1312252059,0,-4370,2160000,200,6000,,55.00,74.00,62.66
1312252089,0,-4370,2166000,200,6000,,53.00,57.00,55.62
1312252119,0,-4370,2172000,200,6000,,57.00,67.00,59.35
1312252149,0,-4370,2178000,200,6000,,53.00,71.00,58.96
1312252179,0,-4370,2184000,200,6000,,52.00,74.00,61.35
1312252209,0,-4370,2190000,200,6000,,57.00,62.00,58.55
1312252239,0,-4370,2196000,200,6000,,51.00,69.00,58.51
1312252269,0,-4370,2202000,200,6000,,48.00,62.00,55.63
1312252299,0,-4370,2208000,200,6000,,51.00,67.00,58.12
1312252329,0,-4370,2214000,200,6000,,55.00,60.00,58.10
1312252359,0,-4370,2220000,200,6000,,54.00,68.00,60.29
1312252389,0,-4370,2226000,200,6000,,48.00,59.00,54.80
1312252419,0,-4370,2232000,200,6000,,56.00,65.00,59.82
1312252449,0,-4370,2238000,200,6000,,52.00,65.00,57.11
1312252479,0,-4370,2244000,200,6000,,51.00,70.00,62.89
1312252509,0,-4370,2250000,200,6000,,53.00,62.00,57.41
1312252539,0,-4370,2256000,200,6000,,52.00,62.00,57.10
1312252569,0,-4370,2262000,200,6000,,59.00,63.00,60.56
1312252599,0,-4370,2268000,200,6000,,59.00,62.00,60.24
1312252629,0,-4370,2274000,200,6000,,56.00,62.00,58.72
1312252659,0,-4370,2280000,200,6000,,58.00,75.00,67.58
1312252689,0,-4370,2286000,200,6000,,57.00,64.00,59.24
1312252719,0,-4370,2292000,200,6000,,52.00,60.00,56.64
1312252749,0,-4370,2298000,200,6000,,52.00,74.00,62.66
1312252779,0,-4370,2304000,200,6000,,53.00,59.00,57.49
1312252809,0,-4370,2310000,200,6000,,53.00,60.00,57.26
1312252839,0,-4370,2316000,200,6000,,56.00,62.00,59.06
1312252869,0,-4370,2322000,200,6000,,55.00,59.00,56.91
1312252899,0,-4370,2328000,200,6000,,56.00,60.00,58.20
1312252929,0,-4370,2334000,200,6000,,51.00,61.00,56.83
1312252959,0,-4370,2340000,200,6000,,56.00,61.00,58.33
1312252989,0,-4370,2346000,200,6000,,55.00,68.00,62.43
1312253019,0,-4370,2352000,200,6000,,55.00,62.00,59.89
1312253049,0,-4370,2358000,200,6000,,52.00,62.00,56.44
1312253079,0,-4370,2364000,200,6000,,56.00,61.00,57.96
1312253109,0,-4370,2370000,200,6000,,57.00,61.00,58.77
1312253139,0,-4370,2376000,200,6000,,52.00,61.00,57.56
1312253169,0,-4370,2382000,200,6000,,56.00,61.00,58.80
1312253199,0,-4370,2388000,200,6000,,53.00,61.00,57.70
1312253229,0,-4370,2394000,200,6000,,54.00,63.00,59.72
1312253259,0,-4370,2400000,200,6000,,54.00,62.00,59.39
1312253289,0,-4370,2406000,200,6000,,54.00,61.00,58.46
1312253319,0,-4370,2412000,200,6000,,60.00,63.00,62.17
1312253349,0,-4370,2418000,200,6000,,60.00,67.00,64.40
1312253379,0,-4370,2424000,200,6000,,60.00,66.00,63.32
1312253409,0,-4370,2430000,200,6000,,57.00,64.00,59.89
1312253439,0,-4370,2436000,200,6000,,60.00,64.00,62.02
1312253469,0,-4370,2442000,200,6000,,60.00,64.00,61.83
1312253499,0,-4370,2448000,200,6000,,60.00,65.00,63.02
1312253529,0,-4370,2454000,200,6000,,55.00,64.00,59.90
1312253559,0,-4370,2460000,200,6000,,55.00,64.00,59.52
1312253589,0,-4370,2466000,200,6000,,55.00,86.00,75.27
1312253619,0,-4370,2472000,200,6000,,54.00,70.00,60.10
1312253649,0,-4370,2478000,200,6000,,54.00,72.00,60.92
1312253679,0,-4370,2484000,200,6000,,56.00,75.00,64.51
1312253709,0,-4370,2490000,200,6000,,54.00,74.00,64.22
1312253739,0,-4370,2496000,200,6000,,54.00,66.00,61.06
1312253769,0,-4370,2502000,200,6000,,57.00,72.00,65.50
1312253799,0,-4370,2508000,200,6000,,58.00,75.00,64.83
1312253829,0,-4370,2514000,200,6000,,55.00,67.00,59.87
1312253859,0,-4370,2520000,200,6000,,51.00,61.00,57.54
1312253889,0,-4370,2526000,200,6000,,59.00,62.00,60.33
1312253919,0,-4370,2532000,200,6000,,54.00,60.00,58.40
1312253949,0,-4370,2538000,200,6000,,55.00,61.00,58.95
1312253979,0,-4370,2544000,200,6000,,57.00,61.00,58.32
1312254009,0,-4370,2550000,200,6000,,57.00,62.00,60.32
1312254039,0,-4370,2556000,200,6000,,59.00,79.00,67.36
1312254069,0,-4370,2562000,200,6000,,58.00,84.00,69.64
1312254099,0,-4370,2568000,200,6000,,58.00,75.00,65.82
1312254129,0,-4370,2574000,200,6000,,59.00,65.00,61.25
1312254159,0,-4370,2580000,200,6000,,58.00,70.00,63.82
1312254189,0,-4370,2586000,200,6000,,60.00,63.00,61.07
1312254219,0,-4370,2592000,200,6000,,61.00,71.00,64.17
1312254249,0,-4370,2598000,200,6000,,55.00,74.00,61.22
1312254279,0,-4370,2604000,200,6000,,56.00,62.00,59.31
1312254309,0,-4370,2610000,200,6000,,60.00,63.00,60.68
1312254339,0,-4370,2616000,200,6000,,60.00,71.00,62.75
1312254369,0,-4370,2622000,200,6000,,55.00,75.00,60.97
1312254399,0,-4370,2628000,200,6000,,53.00,61.00,57.95
1312254429,0,-4370,2634000,200,6000,,55.00,62.00,59.11
1312254459,0,-4370,2640000,200,6000,,57.00,62.00,59.94
1312254489,0,-4370,2646000,200,6000,,57.00,62.00,59.69
1312254519,0,-4370,2652000,200,6000,,58.00,64.00,60.73
1312254549,0,-4370,2658000,200,6000,,58.00,61.00,59.64
1312254579,0,-4370,2664000,200,6000,,59.00,63.00,60.40
1312254609,0,-4370,2670000,200,6000,,60.00,63.00,60.72
1312254639,0,-4370,2676000,200,6000,,58.00,63.00,60.30
1312254669,0,-4370,2682000,200,6000,,57.00,62.00,59.86
1312254699,0,-4370,2688000,200,6000,,51.00,60.00,57.60
1312254729,0,-4370,2694000,200,6000,,55.00,60.00,57.66
1312254759,0,-4370,2700000,200,6000,,59.00,63.00,60.78
1312254789,0,-4370,2706000,200,6000,,58.00,62.00,59.68
1312254819,0,-4370,2712000,200,6000,,57.00,62.00,58.36
1312254849,0,-4370,2718000,200,6000,,59.00,63.00,60.29
1312254879,0,-4370,2724000,200,6000,,54.00,61.00,57.30
1312254909,0,-4370,2730000,200,6000,,57.00,62.00,59.93
1312254939,0,-4370,2736000,200,6000,,57.00,63.00,59.02
1312254969,0,-4370,2742000,200,6000,,58.00,62.00,59.53
1312254999,0,-4370,2748000,200,6000,,58.00,62.00,59.82
1312255029,0,-4370,2754000,200,6000,,58.00,61.00,59.68
1312255059,0,-4370,2760000,200,6000,,50.00,60.00,55.87
1312255089,0,-4370,2766000,200,6000,,53.00,61.00,57.90
1312255119,0,-4370,2772000,200,6000,,58.00,62.00,59.30
1312255149,0,-4370,2778000,200,6000,,58.00,61.00,59.86
1312255179,0,-4370,2784000,200,6000,,59.00,63.00,60.44
1312255209,0,-4370,2790000,200,6000,,58.00,61.00,59.58
1312255239,0,-4370,2796000,200,6000,,54.00,60.00,57.90
1312255269,0,-4370,2802000,200,6000,,53.00,60.00,57.74
1312255299,0,-4370,2808000,200,6000,,58.00,61.00,59.40
1312255329,0,-4370,2814000,200,6000,,57.00,62.00,59.41
1312255359,0,-4370,2820000,200,6000,,53.00,77.00,63.58
1312255389,0,-4370,2826000,200,6000,,57.00,61.00,58.86
1312255419,0,-4370,2832000,200,6000,,57.00,62.00,59.98
1312255449,0,-4370,2838000,200,6000,,58.00,62.00,59.84
1312255479,0,-4370,2844000,200,6000,,57.00,61.00,59.39
1312255509,0,-4370,2850000,200,6000,,58.00,62.00,59.90
1312255539,0,-4370,2856000,200,6000,,54.00,61.00,58.07
1312255569,0,-4370,2862000,200,6000,,54.00,60.00,57.81
1312255599,0,-4370,2868000,200,6000,,55.00,63.00,59.08
1312255629,0,-4370,2874000,200,6000,,56.00,64.00,59.62
1312255659,0,-4370,2880000,200,6000,,56.00,62.00,58.73
1312255689,0,-4370,2886000,200,6000,,56.00,63.00,58.67
1312255719,0,-4370,2892000,200,6000,,58.00,61.00,59.63
1312255749,0,-4370,2898000,200,6000,,53.00,64.00,57.07
1312255779,0,-4370,2904000,200,6000,,56.00,62.00,58.62
1312255809,0,-4370,2910000,200,6000,,62.00,77.00,73.10
1312255839,0,-4370,2916000,200,6000,,46.00,80.00,57.03
1312255869,0,-4370,2922000,200,6000,,50.00,71.00,58.41
1312255899,0,-4370,2928000,200,6000,,50.00,73.00,60.18
1312255929,0,-4370,2934000,200,6000,,52.00,73.00,57.27
1312255959,0,-4370,2940000,200,6000,,49.00,72.00,58.17
1312255989,0,-4370,2946000,200,6000,,54.00,70.00,59.12
1312256019,0,-4370,2952000,200,6000,,51.00,77.00,59.17
1312256049,0,-4370,2958000,200,6000,,57.00,62.00,59.34
1312256079,0,-4370,2964000,200,6000,,56.00,61.00,57.46
1312256109,0,-4370,2970000,200,6000,,51.00,71.00,59.98
1312256139,0,-4370,2976000,200,6000,,57.00,59.00,57.48
1312256169,0,-4370,2982000,200,6000,,56.00,60.00,57.47
1312256199,0,-4370,2988000,200,6000,,55.00,60.00,57.72
1312256229,0,-4370,2994000,200,6000,,56.00,60.00,58.00
1312256259,0,-4370,3000000,200,6000,,56.00,60.00,57.61
1312256289,0,-4370,3006000,200,6000,,53.00,60.00,56.72
1312256319,0,-4370,3012000,200,6000,,55.00,60.00,58.65
1312256349,0,-4370,3018000,200,6000,,56.00,61.00,58.39
1312256379,0,-4370,3024000,200,6000,,56.00,60.00,58.23
1312256409,0,-4370,3030000,200,6000,,55.00,60.00,57.89
1312256439,0,-4370,3036000,200,6000,,56.00,61.00,58.32
1312256469,0,-4370,3042000,200,6000,,51.00,71.00,61.31
1312256499,0,-4370,3048000,200,6000,,52.00,60.00,57.76
1312256529,0,-4370,3054000,200,6000,,52.00,58.00,56.55
1312256559,0,-4370,3060000,200,6000,,56.00,60.00,57.72
1312256589,0,-4370,3066000,200,6000,,56.00,60.00,58.15
1312256619,0,-4370,3072000,200,6000,,56.00,59.00,57.21
1312256649,0,-4370,3078000,200,6000,,56.00,62.00,58.62
1312256679,0,-4370,3084000,200,6000,,56.00,59.00,57.47
1312256709,0,-4370,3090000,200,6000,,57.00,62.00,58.84
1312256739,0,-4370,3096000,200,6000,,57.00,60.00,59.07
1312256769,0,-4370,3102000,200,6000,,56.00,60.00,57.89
1312256799,0,-4370,3108000,200,6000,,59.00,78.00,68.62
1312256829,0,-4370,3114000,200,6000,,52.00,72.00,59.45
1312256859,0,-4370,3120000,200,6000,,53.00,81.00,68.26
1312256889,0,-4370,3126000,200,6000,,53.00,75.00,63.84
1312256919,0,-4370,3132000,200,6000,,50.00,56.00,53.66
1312256949,0,-4370,3138000,200,6000,,55.00,59.00,56.66
1312256979,0,-4370,3144000,200,6000,,51.00,59.00,54.30
1312257009,0,-4370,3150000,200,6000,,50.00,58.00,52.93
1312257039,0,-4370,3156000,200,6000,,55.00,57.00,56.18
1312257069,0,-4370,3162000,200,6000,,51.00,57.00,54.18
1312257099,0,-4370,3168000,200,6000,,50.00,57.00,54.18
1312257129,0,-4370,3174000,200,6000,,54.00,56.00,55.44
1312257159,0,-4370,3180000,200,6000,,50.00,56.00,53.18
1312257189,0,-4370,3186000,200,6000,,49.00,56.00,53.29
1312257219,0,-4370,3192000,200,6000,,53.00,59.00,55.49
1312257249,0,-4370,3198000,200,6000,,55.00,57.00,56.18
1312257279,0,-4370,3204000,200,6000,,54.00,59.00,55.98
1312257309,0,-4370,3210000,200,6000,,55.00,63.00,57.86
1312257339,0,-4370,3216000,200,6000,,50.00,71.00,57.31
1312257369,0,-4370,3222000,200,6000,,50.00,57.00,55.44
1312257399,0,-4370,3228000,200,6000,,52.00,58.00,55.08
1312257429,0,-4370,3234000,200,6000,,51.00,55.00,52.74
1312257459,0,-4370,3240000,200,6000,,49.00,57.00,53.36
1312257489,0,-4370,3246000,200,6000,,51.00,60.00,55.50
1312257519,0,-4370,3252000,200,6000,,56.00,60.00,57.46
1312257549,0,-4370,3258000,200,6000,,49.00,59.00,54.24
1312257579,0,-4370,3264000,200,6000,,54.00,60.00,56.34
1312257609,0,-4370,3270000,200,6000,,50.00,62.00,56.78
1312257639,0,-4370,3276000,200,6000,,56.00,64.00,59.52
1312257669,0,-4370,3282000,200,6000,,51.00,61.00,55.25
1312257699,0,-4370,3288000,200,6000,,55.00,58.00,56.21
1312257729,0,-4370,3294000,200,6000,,57.00,60.00,58.72
1312257759,0,-4370,3300000,200,6000,,50.00,58.00,54.82
1312257789,0,-4370,3306000,200,6000,,57.00,63.00,60.81
1312257819,0,-4370,3312000,200,6000,,56.00,60.00,58.02
1312257849,0,-4370,3318000,200,6000,,58.00,63.00,60.15
1312257879,0,-4370,3324000,200,6000,,58.00,67.00,61.76
1312257909,0,-4370,3330000,200,6000,,54.00,60.00,56.53
1312257939,0,-4370,3336000,200,6000,,57.00,61.00,59.02
1312257969,0,-4370,3342000,200,6000,,52.00,58.00,55.92
1312257999,0,-4370,3348000,200,6000,,53.00,61.00,58.37
1312258029,0,-4370,3354000,200,6000,,57.00,64.00,60.52
1312258059,0,-4370,3360000,200,6000,,56.00,60.00,57.78
1312258089,0,-4370,3366000,200,6000,,53.00,62.00,58.10
1312258119,0,-4370,3372000,200,6000,,52.00,62.00,56.63
1312258149,0,-4370,3378000,200,6000,,54.00,85.00,66.83
1312258179,0,-4370,3384000,200,6000,,60.00,85.00,70.15
1312258209,0,-4370,3390000,200,6000,,57.00,76.00,62.76
1312258239,0,-4370,3396000,200,6000,,61.00,80.00,70.18
1312258269,0,-4370,3402000,200,6000,,57.00,82.00,65.63
1312258299,0,-4370,3408000,200,6000,,57.00,61.00,58.92
1312258329,0,-4370,3414000,200,6000,,60.00,63.00,62.11
1312258359,0,-4370,3420000,200,6000,,59.00,74.00,65.25
1312258389,0,-4370,3426000,200,6000,,56.00,76.00,61.83
1312258419,0,-4370,3432000,200,6000,,54.00,62.00,57.80
1312258449,0,-4370,3438000,200,6000,,56.00,60.00,58.37
1312258479,0,-4370,3444000,200,6000,,56.00,62.00,59.45
1312258509,0,-4370,3450000,200,6000,,56.00,60.00,58.89
1312258539,0,-4370,3456000,200,6000,,56.00,60.00,58.61
1312258569,0,-4370,3462000,200,6000,,60.00,64.00,61.21
1312258599,0,-4370,3468000,200,6000,,52.00,62.00,57.32
1312258629,0,-4370,3474000,200,6000,,56.00,65.00,58.07
1312258659,0,-4370,3480000,200,6000,,55.00,80.00,67.09
1312258689,0,-4370,3486000,200,6000,,59.00,78.00,68.74
1312258719,0,-4370,3492000,200,6000,,53.00,62.00,56.75
1312258749,0,-4370,3498000,200,6000,,55.00,74.00,62.55
1312258779,0,-4370,3504000,200,6000,,55.00,64.00,58.83
1312258809,0,-4370,3510000,200,6000,,57.00,66.00,62.05
1312258839,0,-4370,3516000,200,6000,,55.00,62.00,59.23
1312258869,0,-4370,3522000,200,6000,,59.00,65.00,62.06
1312258899,0,-4370,3528000,200,6000,,60.00,64.00,61.54
1312258929,0,-4370,3534000,200,6000,,62.00,86.00,76.01
1312258959,0,-4370,3540000,200,6000,,56.00,77.00,62.08
1312258989,0,-4370,3546000,200,6000,,58.00,61.00,59.03
1312259019,0,-4370,3552000,200,6000,,60.00,73.00,65.54
1312259049,0,-4370,3558000,200,6000,,56.00,70.00,62.70
1312259079,0,-4370,3564000,200,6000,,61.00,75.00,66.62
1312259109,0,-4370,3570000,200,6000,,63.00,78.00,72.53
1312259139,0,-4370,3576000,200,6000,,62.00,77.00,70.36
1312259169,0,-4370,3582000,200,6000,,59.00,68.00,63.43
1312259199,0,-4370,3588000,200,6000,,57.00,74.00,63.63
1312259229,0,-4370,3594000,200,6000,,60.00,74.00,65.16
1312259259,0,-4370,3600000,200,6000,,61.00,71.00,65.84
1312259289,0,-4370,3606000,200,6000,,60.00,75.00,64.97
1312259319,0,-4370,3612000,200,6000,,60.00,68.00,63.51
1312259349,0,-4370,3618000,200,6000,,60.00,63.00,61.15
1312259379,0,-4370,3624000,200,6000,,58.00,73.00,63.22
1312259409,0,-4370,3630000,200,6000,,55.00,71.00,63.17
1312259439,0,-4370,3636000,200,6000,,68.00,87.00,77.88
1312259469,0,-4370,3642000,200,6000,,62.00,72.00,67.35
1312259499,0,-4370,3648000,200,6000,,58.00,72.00,62.64
1312259529,0,-4370,3654000,200,6000,,58.00,70.00,63.70
1312259559,0,-4370,3660000,200,6000,,60.00,75.00,65.78
1312259589,0,-4370,3666000,200,6000,,60.00,64.00,61.63
1312259619,0,-4370,3672000,200,6000,,55.00,69.00,62.11
1312259649,0,-4370,3678000,200,6000,,51.00,66.00,60.11
1312259679,0,-4370,3684000,200,6000,,59.00,72.00,63.92
1312259709,0,-4370,3690000,200,6000,,58.00,65.00,61.17
1312259739,0,-4370,3696000,200,6000,,58.00,60.00,59.59
1312259769,0,-4370,3702000,200,6000,,60.00,63.00,60.61
1312259799,0,-4370,3708000,200,6000,,59.00,72.00,64.32
1312259829,0,-4370,3714000,200,6000,,66.00,82.00,73.76
1312259859,0,-4370,3720000,200,6000,,56.00,74.00,61.40
1312259889,0,-4370,3726000,200,6000,,60.00,70.00,64.24
1312259919,0,-4370,3732000,200,6000,,59.00,70.00,63.65
1312259949,0,-4370,3738000,200,6000,,56.00,72.00,64.49
1312259979,0,-4370,3744000,200,6000,,56.00,64.00,59.21
1312260009,0,-4370,3750000,200,6000,,58.00,67.00,60.54
1312260039,0,-4370,3756000,200,6000,,55.00,61.00,58.54
1312260069,0,-4370,3762000,200,6000,,53.00,71.00,64.12
1312260099,0,-4370,3768000,200,6000,,55.00,67.00,58.05
1312260129,0,-4370,3774000,200,6000,,54.00,67.00,61.47
1312260159,0,-4370,3780000,200,6000,,58.00,63.00,59.83
1312260189,0,-4370,3786000,200,6000,,59.00,64.00,60.98
1312260219,0,-4370,3792000,200,6000,,58.00,62.00,59.65
1312260249,0,-4370,3798000,200,6000,,57.00,64.00,60.82
1312260279,0,-4370,3804000,200,6000,,54.00,62.00,59.17
1312260309,0,-4370,3810000,200,6000,,57.00,63.00,59.86
1312260339,0,-4370,3816000,200,6000,,59.00,62.00,60.05
1312260369,0,-4370,3822000,200,6000,,55.00,61.00,58.20
1312260399,0,-4370,3828000,200,6000,,51.00,59.00,56.46
1312260429,0,-4370,3834000,200,6000,,56.00,60.00,57.97
1312260459,0,-4370,3840000,200,6000,,56.00,59.00,57.25
1312260489,0,-4370,3846000,200,6000,,57.00,60.00,58.52
1312260519,0,-4370,3852000,200,6000,,54.00,63.00,58.01
1312260549,0,-4370,3858000,200,6000,,54.00,59.00,57.05
1312260579,0,-4370,3864000,200,6000,,54.00,59.00,56.84
1312260609,0,-4370,3870000,200,6000,,56.00,60.00,57.51
1312260639,0,-4370,3876000,200,6000,,56.00,62.00,59.30
1312260669,0,-4370,3882000,200,6000,,53.00,60.00,55.67
1312260699,0,-4370,3888000,200,6000,,54.00,58.00,56.17
1312260729,0,-4370,3894000,200,6000,,58.00,60.00,58.79
1312260759,0,-4370,3900000,200,6000,,53.00,61.00,56.62
1312260789,0,-4370,3906000,200,6000,,55.00,60.00,58.10
1312260819,0,-4370,3912000,200,6000,,55.00,58.00,56.26
1312260849,0,-4370,3918000,200,6000,,56.00,62.00,58.82
1312260879,0,-4370,3924000,200,6000,,56.00,60.00,58.34
1312260909,0,-4370,3930000,200,6000,,52.00,59.00,55.23
1312260939,0,-4370,3936000,200,6000,,57.00,60.00,58.45
1312260969,0,-4370,3942000,200,6000,,54.00,60.00,56.78
1312260999,0,-4370,3948000,200,6000,,57.00,74.00,62.80
1312261029,0,-4370,3954000,200,6000,,48.00,70.00,56.94
1312261059,0,-4370,3960000,200,6000,,54.00,71.00,60.22
1312261089,0,-4370,3966000,200,6000,,54.00,84.00,68.34
1312261119,0,-4370,3972000,200,6000,,54.00,85.00,61.76
1312261149,0,-4370,3978000,200,6000,,53.00,72.00,59.65
1312261179,0,-4370,3984000,200,6000,,52.00,60.00,56.16
1312261209,0,-4370,3990000,200,6000,,54.00,67.00,58.83
1312261239,0,-4370,3996000,200,6000,,48.00,68.00,58.32
1312261269,0,-4370,4002000,200,6000,,53.00,73.00,58.24
1312261299,0,-4370,4008000,200,6000,,53.00,76.00,59.60
1312261329,0,-4370,4014000,200,6000,,48.00,68.00,55.75
1312261359,0,-4370,4020000,200,6000,,48.00,71.00,57.92
1312261389,0,-4370,4026000,200,6000,,44.00,64.00,51.95
1312261419,0,-4370,4032000,200,6000,,54.00,64.00,56.23
1312261449,0,-4370,4038000,200,6000,,56.00,76.00,70.76
1312261479,0,-4370,4044000,200,6000,,54.00,61.00,56.34
1312261509,0,-4370,4050000,200,6000,,51.00,69.00,57.53
1312261539,0,-4370,4056000,200,6000,,55.00,60.00,56.47
1312261569,0,-4370,4062000,200,6000,,53.00,60.00,56.88
1312261599,0,-4370,4068000,200,6000,,55.00,61.00,57.41
1312261629,0,-4370,4074000,200,6000,,54.00,60.00,56.48
1312261659,0,-4370,4080000,200,6000,,56.00,60.00,58.31
1312261689,0,-4370,4086000,200,6000,,52.00,59.00,55.09
1312261719,0,-4370,4092000,200,6000,,54.00,60.00,56.12
1312261749,0,-4370,4098000,200,6000,,53.00,60.00,55.94
1312261779,0,-4370,4104000,200,6000,,51.00,60.00,55.37
1312261809,0,-4370,4110000,200,6000,,55.00,58.00,56.69
1312261839,0,-4370,4116000,200,6000,,56.00,59.00,56.82
1312261869,0,-4370,4122000,200,6000,,56.00,60.00,57.51
1312261899,0,-4370,4128000,200,6000,,52.00,65.00,57.60
1312261929,0,-4370,4134000,200,6000,,44.00,57.00,52.13
1312261959,0,-4370,4140000,200,6000,,54.00,57.00,55.96
1312261989,0,-4370,4146000,200,6000,,54.00,59.00,56.38
1312262019,0,-4370,4152000,200,6000,,55.00,59.00,56.55
1312262049,0,-4370,4158000,200,6000,,54.00,57.00,55.69
1312262079,0,-4370,4164000,200,6000,,53.00,59.00,56.11
1312262109,0,-4370,4170000,200,6000,,55.00,59.00,56.18
1312262139,0,-4370,4176000,200,6000,,55.00,58.00,56.48
1312262169,0,-4370,4182000,200,6000,,51.00,58.00,54.96
1312262199,0,-4370,4188000,200,6000,,56.00,60.00,57.63
1312262229,0,-4370,4194000,200,6000,,51.00,58.00,54.74
1312262259,0,-4370,4200000,200,6000,,54.00,60.00,56.50
1312262289,0,-4370,4206000,200,6000,,54.00,57.00,56.15
1312262319,0,-4370,4212000,200,6000,,55.00,58.00,56.94
1312262349,0,-4370,4218000,200,6000,,55.00,59.00,56.86
1312262379,0,-4370,4224000,200,6000,,56.00,59.00,57.19
1312262409,0,-4370,4230000,200,6000,,56.00,58.00,57.20
1312262439,0,-4370,4236000,200,6000,,54.00,59.00,56.10
1312262469,0,-4370,4242000,200,6000,,57.00,60.00,58.16
1312262499,0,-4370,4248000,200,6000,,54.00,58.00,56.48
1312262529,0,-4370,4254000,200,6000,,55.00,73.00,59.24
1312262559,0,-4370,4260000,200,6000,,54.00,75.00,61.97
1312262589,0,-4370,4266000,200,6000,,51.00,58.00,54.29
1312262619,0,-4370,4272000,200,6000,,56.00,59.00,57.37
1312262649,0,-4370,4278000,200,6000,,55.00,58.00,56.68
1312262679,0,-4370,4284000,200,6000,,55.00,58.00,55.86
1312262709,0,-4370,4290000,200,6000,,55.00,57.00,55.97
1312262739,0,-4370,4296000,200,6000,,54.00,58.00,55.78
1312262769,0,-4370,4302000,200,6000,,56.00,58.00,56.95
1312262799,0,-4370,4308000,200,6000,,49.00,57.00,53.75
1312262829,0,-4370,4314000,200,6000,,53.00,59.00,55.65
1312262859,0,-4370,4320000,200,6000,,55.00,58.00,56.18
1312262889,0,-4370,4326000,200,6000,,56.00,58.00,56.77
1312262919,0,-4370,4332000,200,6000,,53.00,61.00,56.82
1312262949,0,-4370,4338000,200,6000,,55.00,58.00,56.39
1312262979,0,-4370,4344000,200,6000,,55.00,58.00,57.15
1312263009,0,-4370,4350000,200,6000,,52.00,58.00,55.22
1312263039,0,-4370,4356000,200,6000,,56.00,60.00,57.15
1312263069,0,-4370,4362000,200,6000,,51.00,58.00,55.10
1312263099,0,-4370,4368000,200,6000,,56.00,75.00,65.80
1312263129,0,-4370,4374000,200,6000,,54.00,64.00,56.01
1312263159,0,-4370,4380000,200,6000,,50.00,57.00,54.01
1312263189,0,-4370,4386000,200,6000,,49.00,57.00,53.21
1312263219,0,-4370,4392000,200,6000,,54.00,60.00,56.03
1312263249,0,-4370,4398000,200,6000,,53.00,57.00,55.02
1312263279,0,-4370,4404000,200,6000,,56.00,58.00,56.69
1312263309,0,-4370,4410000,200,6000,,54.00,57.00,55.43
1312263339,0,-4370,4416000,200,6000,,51.00,61.00,54.26
1312263369,0,-4370,4422000,200,6000,,61.00,79.00,70.05
1312263399,0,-4370,4428000,200,6000,,49.00,65.00,54.56
1312263429,0,-4370,4434000,200,6000,,46.00,77.00,58.77
1312263459,0,-4370,4440000,200,6000,,55.00,60.00,57.25
1312263489,0,-4370,4446000,200,6000,,49.00,74.00,61.48
1312263519,0,-4370,4452000,200,6000,,44.00,56.00,51.93
1312263549,0,-4370,4458000,200,6000,,56.00,58.00,57.15
1312263579,0,-4370,4464000,200,6000,,55.00,59.00,56.69
1312263609,0,-4370,4470000,200,6000,,48.00,67.00,56.49
1312263639,0,-4370,4476000,200,6000,,52.00,58.00,56.72
1312263669,0,-4370,4482000,200,6000,,51.00,59.00,55.41
1312263699,0,-4370,4488000,200,6000,,48.00,65.00,58.26
1312263729,0,-4370,4494000,200,6000,,49.00,54.00,52.60
1312263759,0,-4370,4500000,200,6000,,53.00,57.00,54.82
1312263789,0,-4370,4506000,200,6000,,50.00,68.00,56.51
1312263819,0,-4370,4512000,200,6000,,47.00,77.00,57.26
1312263849,0,-4370,4518000,200,6000,,52.00,57.00,54.75
1312263879,0,-4370,4524000,200,6000,,52.00,56.00,53.70
1312263909,0,-4370,4530000,200,6000,,54.00,59.00,56.97
1312263939,0,-4370,4536000,200,6000,,55.00,60.00,57.34
1312263969,0,-4370,4542000,200,6000,,52.00,61.00,56.11
1312263999,0,-4370,4548000,200,6000,,54.00,61.00,57.40
1312264029,0,-4370,4554000,200,6000,,55.00,60.00,57.29
1312264059,0,-4370,4560000,200,6000,,57.00,61.00,59.03
1312264089,0,-4370,4566000,200,6000,,58.00,60.00,59.21
1312264119,0,-4370,4572000,200,6000,,57.00,63.00,59.54
1312264149,0,-4370,4578000,200,6000,,60.00,64.00,62.04
1312264179,0,-4370,4584000,200,6000,,53.00,70.00,63.05
1312264209,0,-4370,4590000,200,6000,,52.00,73.00,58.66
1312264239,0,-4370,4596000,200,6000,,56.00,58.00,56.76
1312264269,0,-4370,4602000,200,6000,,51.00,65.00,60.90
1312264299,0,-4370,4608000,200,6000,,57.00,66.00,60.56
1312264329,0,-4370,4614000,200,6000,,48.00,70.00,57.21
1312264359,0,-4370,4620000,200,6000,,54.00,61.00,56.79
1312264389,0,-4370,4626000,200,6000,,55.00,63.00,57.88
1312264419,0,-4370,4632000,200,6000,,57.00,61.00,58.89
1312264449,0,-4370,4638000,200,6000,,56.00,61.00,58.21
1312264479,0,-4370,4644000,200,6000,,59.00,80.00,65.40
1312264509,0,-4370,4650000,200,6000,,51.00,75.00,56.27
1312264539,0,-4370,4656000,200,6000,,50.00,55.00,52.89
1312264569,0,-4370,4662000,200,6000,,48.00,58.00,54.35
1312264599,0,-4370,4668000,200,6000,,55.00,60.00,58.03
1312264629,0,-4370,4674000,200,6000,,55.00,61.00,57.47
1312264659,0,-4370,4680000,200,6000,,55.00,61.00,57.26
1312264689,0,-4370,4686000,200,6000,,56.00,62.00,60.10
1312264719,0,-4370,4692000,200,6000,,55.00,61.00,56.64
1312264749,0,-4370,4698000,200,6000,,54.00,61.00,57.34
1312264779,0,-4370,4704000,200,6000,,51.00,58.00,54.34
1312264809,0,-4370,4710000,200,6000,,56.00,73.00,62.78
1312264839,0,-4370,4716000,200,6000,,53.00,58.00,56.18
1312264869,0,-4370,4722000,200,6000,,58.00,73.00,61.53
1312264899,0,-4370,4728000,200,6000,,54.00,80.00,65.60
1312264929,0,-4370,4734000,200,6000,,56.00,60.00,58.74
1312264959,0,-4370,4740000,200,6000,,57.00,66.00,59.93
1312264989,0,-4370,4746000,200,6000,,52.00,74.00,60.40
1312265019,0,-4370,4752000,200,6000,,53.00,55.00,54.19
1312265049,0,-4370,4758000,200,6000,,54.00,58.00,55.87
1312265079,0,-4370,4764000,200,6000,,57.00,61.00,58.67
1312265109,0,-4370,4770000,200,6000,,48.00,60.00,55.64
1312265139,0,-4370,4776000,200,6000,,51.00,59.00,54.53
1312265169,0,-4370,4782000,200,6000,,54.00,57.00,55.65
1312265199,0,-4370,4788000,200,6000,,56.00,62.00,59.33
1312265229,0,-4370,4794000,200,6000,,54.00,68.00,59.74
1312265259,0,-4370,4800000,200,6000,,56.00,59.00,56.76
1312265289,0,-4370,4806000,200,6000,,56.00,60.00,58.07
1312265319,0,-4370,4812000,200,6000,,56.00,63.00,59.65
1312265349,0,-4370,4818000,200,6000,,44.00,64.00,53.17
1312265379,0,-4370,4824000,200,6000,,53.00,60.00,57.51
1312265409,0,-4370,4830000,200,6000,,50.00,61.00,56.49
1312265439,0,-4370,4836000,200,6000,,52.00,57.00,55.67
1312265469,0,-4370,4842000,200,6000,,57.00,86.00,66.19
1312265499,0,-4370,4848000,200,6000,,54.00,86.00,60.81
1312265529,0,-4370,4854000,200,6000,,48.00,71.00,56.78
1312265559,0,-4370,4860000,200,6000,,56.00,74.00,62.40
1312265589,0,-4370,4866000,200,6000,,47.00,67.00,54.07
1312265619,0,-4370,4872000,200,6000,,56.00,58.00,56.69
1312265649,0,-4370,4878000,200,6000,,56.00,61.00,58.39
1312265679,0,-4370,4884000,200,6000,,47.00,65.00,54.06
1312265709,0,-4370,4890000,200,6000,,54.00,59.00,57.23
1312265739,0,-4370,4896000,200,6000,,55.00,59.00,56.00
1312265769,0,-4370,4902000,200,6000,,55.00,63.00,58.09
1312265799,0,-4370,4908000,200,6000,,51.00,58.00,55.37
1312265829,0,-4370,4914000,200,6000,,50.00,60.00,54.72
1312265859,0,-4370,4920000,200,6000,,54.00,58.00,56.64
1312265889,0,-4370,4926000,200,6000,,50.00,56.00,53.43
1312265919,0,-4370,4932000,200,6000,,54.00,60.00,57.48
1312265949,0,-4370,4938000,200,6000,,56.00,61.00,56.95
1312265979,0,-4370,4944000,200,6000,,55.00,69.00,57.93
1312266009,0,-4370,4950000,200,6000,,48.00,72.00,54.10
1312266039,0,-4370,4956000,200,6000,,54.00,58.00,56.06
1312266069,0,-4370,4962000,200,6000,,55.00,60.00,58.08
1312266099,0,-4370,4968000,200,6000,,54.00,59.00,56.10
1312266129,0,-4370,4974000,200,6000,,55.00,89.00,76.68
1312266159,0,-4370,4980000,200,6000,,51.00,67.00,54.18
1312266189,0,-4370,4986000,200,6000,,51.00,70.00,59.50
1312266219,0,-4370,4992000,200,6000,,52.00,59.00,54.26
1312266249,0,-4370,4998000,200,6000,,51.00,70.00,57.40
1312266279,0,-4370,5004000,200,6000,,50.00,62.00,54.34
1312266309,0,-4370,5010000,200,6000,,55.00,58.00,57.08
1312266339,0,-4370,5016000,200,6000,,52.00,75.00,64.26
1312266369,0,-4370,5022000,200,6000,,53.00,58.00,56.90
1312266399,0,-4370,5028000,200,6000,,56.00,59.00,57.43
1312266429,0,-4370,5034000,200,6000,,52.00,63.00,57.35
1312266459,0,-4370,5040000,200,6000,,47.00,72.00,58.49
1312266489,0,-4370,5046000,200,6000,,54.00,58.00,56.40
1312266519,0,-4370,5052000,200,6000,,56.00,59.00,57.58
1312266549,0,-4370,5058000,200,6000,,55.00,72.00,62.41
1312266579,0,-4370,5064000,200,6000,,48.00,60.00,53.52
1312266609,0,-4370,5070000,200,6000,,55.00,60.00,56.94
1312266639,0,-4370,5076000,200,6000,,51.00,60.00,55.79
1312266669,0,-4370,5082000,200,6000,,56.00,59.00,57.80
1312266699,0,-4370,5088000,200,6000,,56.00,60.00,58.22
1312266729,0,-4370,5094000,200,6000,,57.00,60.00,58.11
1312266759,0,-4370,5100000,200,6000,,52.00,58.00,55.90
1312266789,0,-4370,5106000,200,6000,,55.00,60.00,57.47
1312266819,0,-4370,5112000,200,6000,,55.00,60.00,57.62
1312266849,0,-4370,5118000,200,6000,,51.00,76.00,61.32
1312266879,0,-4370,5124000,200,6000,,52.00,64.00,56.76
1312266909,0,-4370,5130000,200,6000,,53.00,59.00,56.17
1312266939,0,-4370,5136000,200,6000,,53.00,58.00,55.94
1312266969,0,-4370,5142000,200,6000,,55.00,61.00,57.58
1312266999,0,-4370,5148000,200,6000,,54.00,58.00,56.16
1312267029,0,-4370,5154000,200,6000,,54.00,59.00,56.64
1312267059,0,-4370,5160000,200,6000,,56.00,59.00,57.02
1312267089,0,-4370,5166000,200,6000,,55.00,57.00,56.40
1312267119,0,-4370,5172000,200,6000,,55.00,59.00,56.38
1312267149,0,-4370,5178000,200,6000,,55.00,60.00,56.91
1312267179,0,-4370,5184000,200,6000,,51.00,58.00,54.79
1312267209,0,-4370,5190000,200,6000,,55.00,57.00,55.80
1312267239,0,-4370,5196000,200,6000,,56.00,59.00,57.10
1312267269,0,-4370,5202000,200,6000,,57.00,59.00,57.55
1312267299,0,-4370,5208000,200,6000,,56.00,59.00,57.22
1312267329,0,-4370,5214000,200,6000,,54.00,58.00,56.30
1312267359,0,-4370,5220000,200,6000,,55.00,57.00,56.20
1312267389,0,-4370,5226000,200,6000,,51.00,57.00,54.52
1312267419,0,-4370,5232000,200,6000,,54.00,60.00,57.03
1312267449,0,-4370,5238000,200,6000,,53.00,59.00,55.97
1312267479,0,-4370,5244000,200,6000,,55.00,60.00,56.82
1312267509,0,-4370,5250000,200,6000,,53.00,57.00,55.23
1312267539,0,-4370,5256000,200,6000,,56.00,59.00,56.80
1312267569,0,-4370,5262000,200,6000,,55.00,58.00,56.08
1312267599,0,-4370,5268000,200,6000,,55.00,58.00,56.11
1312267629,0,-4370,5274000,200,6000,,56.00,60.00,57.38
1312267659,0,-4370,5280000,200,6000,,55.00,60.00,56.45
1312267689,0,-4370,5286000,200,6000,,55.00,59.00,56.88
1312267719,0,-4370,5292000,200,6000,,50.00,58.00,54.68
1312267749,0,-4370,5298000,200,6000,,55.00,59.00,56.24
1312267779,0,-4370,5304000,200,6000,,55.00,58.00,56.52
1312267809,0,-4370,5310000,200,6000,,54.00,57.00,55.70
1312267839,0,-4370,5316000,200,6000,,54.00,58.00,56.11
1312267869,0,-4370,5322000,200,6000,,48.00,57.00,53.51
1312267899,0,-4370,5328000,200,6000,,51.00,57.00,54.08
1312267929,0,-4370,5334000,200,6000,,51.00,58.00,55.12
1312267959,0,-4370,5340000,200,6000,,55.00,59.00,56.65
1312267989,0,-4370,5346000,200,6000,,55.00,59.00,56.80
1312268019,0,-4370,5352000,200,6000,,50.00,57.00,54.61
1312268049,0,-4370,5358000,200,6000,,55.00,60.00,57.39
1312268079,0,-4370,5364000,200,6000,,56.00,59.00,56.97
1312268109,0,-4370,5370000,200,6000,,55.00,59.00,56.75
1312268139,0,-4370,5376000,200,6000,,56.00,59.00,56.97
1312268169,0,-4370,5382000,200,6000,,50.00,60.00,54.98
1312268199,0,-4370,5388000,200,6000,,55.00,59.00,56.78
1312268229,0,-4370,5394000,200,6000,,55.00,58.00,56.45
1312268259,0,-4370,5400000,200,6000,,56.00,59.00,57.10
1312268289,0,-4370,5406000,200,6000,,55.00,58.00,56.02
1312268319,0,-4370,5412000,200,6000,,55.00,58.00,56.27
1312268349,0,-4370,5418000,200,6000,,54.00,57.00,55.63
1312268379,0,-4370,5424000,200,6000,,55.00,58.00,56.47
1312268409,0,-4370,5430000,200,6000,,55.00,59.00,56.36
1312268439,0,-4370,5436000,200,6000,,52.00,60.00,56.17
1312268469,0,-4370,5442000,200,6000,,53.00,57.00,55.40
1312268499,0,-4370,5448000,200,6000,,51.00,57.00,54.62
1312268529,0,-4370,5454000,200,6000,,56.00,58.00,56.81
1312268559,0,-4370,5460000,200,6000,,55.00,58.00,56.02
1312268589,0,-4370,5466000,200,6000,,55.00,59.00,57.38
1312268619,0,-4370,5472000,200,6000,,56.00,58.00,56.44
1312268649,0,-4370,5478000,200,6000,,54.00,59.00,55.78
1312268679,0,-4370,5484000,200,6000,,50.00,57.00,54.51
1312268709,0,-4370,5490000,200,6000,,55.00,59.00,56.54
1312268739,0,-4370,5496000,200,6000,,54.00,59.00,56.32
1312268769,0,-4370,5502000,200,6000,,52.00,59.00,55.65
1312268799,0,-4370,5508000,200,6000,,56.00,71.00,59.05
1312268829,0,-4370,5514000,200,6000,,56.00,86.00,73.32
1312268859,0,-4370,5520000,200,6000,,51.00,71.00,59.17
1312268889,0,-4370,5526000,200,6000,,50.00,75.00,61.26
1312268919,0,-4370,5532000,200,6000,,53.00,59.00,55.02
1312268949,0,-4370,5538000,200,6000,,49.00,70.00,58.61
1312268979,0,-4370,5544000,200,6000,,47.00,56.00,53.17
1312269009,0,-4370,5550000,200,6000,,53.00,56.00,54.62
1312269039,0,-4370,5556000,200,6000,,50.00,73.00,60.47
1312269069,0,-4370,5562000,200,6000,,51.00,55.00,53.10
1312269099,0,-4370,5568000,200,6000,,52.00,57.00,54.82
1312269129,0,-4370,5574000,200,6000,,54.00,59.00,56.43
1312269159,0,-4370,5580000,200,6000,,54.00,75.00,61.63
1312269189,0,-4370,5586000,200,6000,,55.00,70.00,62.69
1312269219,0,-4370,5592000,200,6000,,55.00,70.00,59.07
1312269249,0,-4370,5598000,200,6000,,55.00,74.00,60.18
1312269279,0,-4370,5604000,200,6000,,50.00,62.00,56.13
1312269309,0,-4370,5610000,200,6000,,53.00,60.00,56.64
1312269339,0,-4370,5616000,200,6000,,53.00,61.00,56.15
1312269369,0,-4370,5622000,200,6000,,51.00,65.00,57.02
1312269399,0,-4370,5628000,200,6000,,52.00,79.00,65.83
1312269429,0,-4370,5634000,200,6000,,58.00,82.00,71.04
1312269459,0,-4370,5640000,200,6000,,62.00,76.00,69.54
1312269489,0,-4370,5646000,200,6000,,68.00,87.00,77.93
1312269519,0,-4370,5652000,200,6000,,74.00,86.00,77.86
1312269549,0,-4370,5658000,200,6000,,73.00,87.00,83.70
1312269579,0,-4370,5664000,200,6000,,71.00,84.00,76.31
1312269609,0,-4370,5670000,200,2600,,69.00,84.00,78.55
