1317768634,0,-4370,0,200,6000,,0.44,0.46,0.45
1317768664,0,-4370,6000,200,6000,,0.10,1.02,0.45
1317768694,0,-4370,12000,200,6000,,0.44,0.63,0.45
1317768724,0,-4370,18000,200,6000,,0.44,0.46,0.45
1317768754,0,-4370,24000,200,6000,,0.24,0.61,0.45
1317768784,0,-4370,30000,200,6000,,0.04,0.51,0.25
1317768814,0,-4370,36000,200,6000,,0.23,0.25,0.24
1317768844,0,-4370,42000,200,6000,,0.23,0.25,0.24
1317768874,0,-4370,48000,200,6000,,0.23,0.25,0.24
1317768904,0,-4370,54000,200,6000,,0.24,0.25,0.24
1317768934,0,-4370,60000,200,6000,,0.23,0.25,0.24
1317768964,0,-4370,66000,200,6000,,0.23,0.26,0.24
1317768994,0,-4370,72000,200,6000,,0.23,0.25,0.24
1317769024,0,-4370,78000,200,6000,,0.23,0.25,0.24
1317769054,0,-4370,84000,200,6000,,0.23,0.25,0.24
1317769084,0,-4370,90000,200,6000,,0.23,0.25,0.24
1317769114,0,-4370,96000,200,6000,,-0.01,0.68,0.38
1317769144,0,-4370,102000,200,6000,,0.66,0.69,0.67
1317769174,0,-4370,108000,200,6000,,0.66,0.69,0.67
1317769204,0,-4370,114000,200,6000,,0.66,0.68,0.67
1317769234,0,-4370,120000,200,6000,,0.66,0.68,0.67
1317769264,0,-4370,126000,200,6000,,-1.82e-04,0.69,0.67
1317769294,0,-4370,132000,200,6000,,0.66,0.68,0.67
1317769324,0,-4370,138000,200,6000,,0.66,0.68,0.67
1317769354,0,-4370,144000,200,6000,,0.66,0.69,0.67
1317769384,0,-4370,150000,200,6000,,0.66,0.68,0.67
1317769414,0,-4370,156000,200,6000,,0.66,0.68,0.67
1317769444,0,-4370,162000,200,6000,,0.66,0.69,0.67
1317769474,0,-4370,168000,200,6000,,0.66,0.68,0.67
1317769504,0,-4370,174000,200,6000,,0.66,0.68,0.67
1317769534,0,-4370,180000,200,6000,,0.66,0.69,0.67
1317769564,0,-4370,186000,200,6000,,0.66,0.68,0.67
1317769594,0,-4370,192000,200,6000,,0.66,0.68,0.67
1317769624,0,-4370,198000,200,6000,,0.66,0.68,0.67
1317769654,0,-4370,204000,200,6000,,0.66,0.68,0.67
1317769684,0,-4370,210000,200,6000,,0.66,0.68,0.67
1317769714,0,-4370,216000,200,6000,,0.66,0.69,0.67
1317769744,0,-4370,222000,200,6000,,-0.01,0.68,0.53
1317769774,0,-4370,228000,200,6000,,0.23,0.25,0.24
1317769804,0,-4370,234000,200,6000,,0.23,0.26,0.24
1317769834,0,-4370,240000,200,6000,,0.23,0.25,0.24
1317769864,0,-4370,246000,200,6000,,0.23,0.25,0.24
1317769894,0,-4370,252000,200,6000,,0.23,0.25,0.24
1317769924,0,-4370,258000,200,6000,,0.23,0.25,0.24
1317769954,0,-4370,264000,200,6000,,0.23,0.25,0.24
1317769984,0,-4370,270000,200,6000,,0.23,0.25,0.24
1317770014,0,-4370,276000,200,6000,,0.23,0.25,0.24
1317770044,0,-4370,282000,200,6000,,0.23,0.25,0.24
1317770074,0,-4370,288000,200,6000,,0.23,0.25,0.24
1317770104,0,-4370,294000,200,6000,,0.23,0.25,0.24
1317770134,0,-4370,300000,200,6000,,0.23,0.25,0.24
1317770164,0,-4370,306000,200,6000,,0.23,0.25,0.24
1317770194,0,-4370,312000,200,6000,,0.23,0.25,0.24
1317770224,0,-4370,318000,200,6000,,0.23,0.25,0.24
1317770254,0,-4370,324000,200,6000,,0.23,0.25,0.24
1317770284,0,-4370,330000,200,6000,,0.23,0.25,0.24
1317770314,0,-4370,336000,200,6000,,0.23,0.25,0.24
1317770344,0,-4370,342000,200,6000,,0.23,0.25,0.24
1317770374,0,-4370,348000,200,6000,,0.23,0.25,0.24
1317770404,0,-4370,354000,200,6000,,0.23,0.25,0.24
1317770434,0,-4370,360000,200,6000,,0.23,0.25,0.24
1317770464,0,-4370,366000,200,6000,,0.23,0.26,0.24
1317770494,0,-4370,372000,200,6000,,0.23,0.25,0.24
1317770524,0,-4370,378000,200,6000,,0.23,0.25,0.24
1317770554,0,-4370,384000,200,6000,,0.23,0.25,0.24
1317770584,0,-4370,390000,200,6000,,0.23,0.25,0.24
1317770614,0,-4370,396000,200,6000,,0.23,0.25,0.24
1317770644,0,-4370,402000,200,6000,,0.23,0.26,0.24
1317770674,0,-4370,408000,200,6000,,0.23,0.25,0.24
1317770704,0,-4370,414000,200,6000,,0.23,0.25,0.24
1317770734,0,-4370,420000,200,6000,,0.23,0.25,0.24
1317770764,0,-4370,426000,200,6000,,0.23,0.26,0.24
1317770794,0,-4370,432000,200,6000,,0.23,0.25,0.24
1317770824,0,-4370,438000,200,6000,,0.23,0.26,0.24
1317770854,0,-4370,444000,200,6000,,0.23,0.25,0.24
1317770884,0,-4370,450000,200,6000,,0.23,0.25,0.24
1317770914,0,-4370,456000,200,6000,,0.23,0.26,0.24
1317770944,0,-4370,462000,200,6000,,0.23,0.25,0.24
1317770974,0,-4370,468000,200,6000,,0.23,0.25,0.24
1317771004,0,-4370,474000,200,6000,,0.23,0.25,0.24
1317771034,0,-4370,480000,200,6000,,0.23,0.26,0.24
1317771064,0,-4370,486000,200,6000,,0.23,0.25,0.24
1317771094,0,-4370,492000,200,6000,,0.23,0.25,0.24
1317771124,0,-4370,498000,200,6000,,0.23,0.25,0.24
1317771154,0,-4370,504000,200,6000,,0.23,0.25,0.24
1317771184,0,-4370,510000,200,6000,,0.23,0.25,0.24
1317771214,0,-4370,516000,200,6000,,0.23,0.25,0.24
1317771244,0,-4370,522000,200,6000,,0.23,0.25,0.24
1317771274,0,-4370,528000,200,6000,,0.23,0.25,0.24
1317771304,0,-4370,534000,200,6000,,0.23,0.26,0.24
1317771334,0,-4370,540000,200,6000,,0.23,0.25,0.24
1317771364,0,-4370,546000,200,6000,,0.23,0.25,0.24
1317771394,0,-4370,552000,200,6000,,0.23,0.26,0.24
1317771424,0,-4370,558000,200,6000,,0.23,0.25,0.24
1317771454,0,-4370,564000,200,6000,,0.23,0.25,0.24
1317771484,0,-4370,570000,200,6000,,0.23,0.25,0.24
1317771514,0,-4370,576000,200,6000,,-0.01,0.67,0.24
1317771544,0,-4370,582000,200,6000,,0.23,0.25,0.24
1317771574,0,-4370,588000,200,6000,,0.23,0.25,0.24
1317771604,0,-4370,594000,200,6000,,0.23,0.25,0.24
1317771634,0,-4370,600000,200,6000,,0.23,0.25,0.24
1317771664,0,-4370,606000,200,6000,,0.23,0.26,0.24
1317771694,0,-4370,612000,200,6000,,0.23,0.26,0.24
1317771724,0,-4370,618000,200,6000,,0.23,0.25,0.24
1317771754,0,-4370,624000,200,6000,,0.23,0.25,0.24
1317771784,0,-4370,630000,200,6000,,0.23,0.25,0.24
1317771814,0,-4370,636000,200,6000,,0.23,0.25,0.24
1317771844,0,-4370,642000,200,6000,,0.23,0.25,0.24
1317771874,0,-4370,648000,200,6000,,0.23,0.26,0.24
1317771904,0,-4370,654000,200,6000,,0.23,0.25,0.24
1317771934,0,-4370,660000,200,6000,,-0.01,0.67,0.06
1317771964,0,-4370,666000,200,6000,,-0.01,1.365e-03,-3.021685e-03
1317771994,0,-4370,672000,200,6000,,-0.01,1.547e-03,-3.01574e-03
1317772024,0,-4370,678000,200,6000,,-0.01,1.365e-03,-3.007201e-03
1317772054,0,-4370,684000,200,6000,,-0.01,9.919e-03,-3.008111e-03
1317772084,0,-4370,690000,200,6000,,-0.01,1.274e-03,-2.994977e-03
1317772114,0,-4370,696000,200,6000,,-0.01,1.365e-03,-3.003789e-03
1317772144,0,-4370,702000,200,6000,,-0.01,7.917e-03,-2.989244e-03
1317772174,0,-4370,708000,200,6000,,-0.01,1.183e-03,-3.013617e-03
1317772204,0,-4370,714000,200,6000,,-0.01,1.547e-03,-3.010068e-03
1317772234,0,-4370,720000,200,6000,,-0.01,1.911e-03,-3.036458e-03
1317772264,0,-4370,726000,200,6000,,-0.01,1.274e-03,-3.023232e-03
1317772294,0,-4370,732000,200,6000,,-0.01,1.183e-03,-3.020457e-03
1317772324,0,-4370,738000,200,6000,,-0.01,8.281e-03,-2.988607e-03
1317772354,0,-4370,744000,200,6000,,-0.01,1.456e-03,-3.021064e-03
1317772384,0,-4370,750000,200,6000,,-0.01,1.547e-03,-3.017135e-03
1317772414,0,-4370,756000,200,6000,,-0.01,7.553e-03,-3.015376e-03
1317772444,0,-4370,762000,200,6000,,-0.01,1.01,0.02
1317772474,0,-4370,768000,200,6000,,-8.19e-04,0.25,0.24
1317772504,0,-4370,774000,200,6000,,0.23,0.26,0.24
1317772534,0,-4370,780000,200,6000,,0.23,0.26,0.24
1317772564,0,-4370,786000,200,6000,,0.23,0.25,0.24
1317772594,0,-4370,792000,200,6000,,0.23,0.25,0.24
1317772624,0,-4370,798000,200,6000,,0.23,0.26,0.24
1317772654,0,-4370,804000,200,6000,,0.23,0.25,0.24
1317772684,0,-4370,810000,200,6000,,0.23,0.25,0.24
1317772714,0,-4370,816000,200,6000,,-0.01,0.68,0.13
1317772744,0,-4370,822000,200,6000,,-0.01,0.25,0.22
1317772774,0,-4370,828000,200,6000,,-0.01,0.87,0.19
1317772804,0,-4370,834000,200,6000,,-0.01,0.26,0.02
1317772834,0,-4370,840000,200,6000,,-0.01,1.365e-03,-3.022201e-03
1317772864,0,-4370,846000,200,6000,,-0.01,1.456e-03,-3.030558e-03
1317772894,0,-4370,852000,200,6000,,-0.01,1.183e-03,-3.051533e-03
1317772924,0,-4370,858000,200,6000,,-0.01,1.729e-03,-3.032621e-03
1317772954,0,-4370,864000,200,6000,,-0.01,1.183e-03,-3.034577e-03
1317772984,0,-4370,870000,200,6000,,-0.01,8.281e-03,-3.014466e-03
1317773014,0,-4370,876000,200,6000,,-0.01,1.183e-03,-3.029648e-03
1317773044,0,-4370,882000,200,6000,,-0.01,1.456e-03,-3.040826e-03
1317773074,0,-4370,888000,200,6000,,-0.01,1.547e-03,-3.034289e-03
1317773104,0,-4370,894000,200,6000,,-0.01,1.729e-03,-3.034956e-03
1317773134,0,-4370,900000,200,6000,,-0.01,1.365e-03,-3.03306e-03
1317773164,0,-4370,906000,200,6000,,-0.01,9.828e-03,-3.021549e-03
1317773194,0,-4370,912000,200,6000,,-0.01,1.001e-03,-3.037307e-03
1317773224,0,-4370,918000,200,6000,,-0.01,1.365e-03,-3.032348e-03
1317773254,0,-4370,924000,200,6000,,-0.01,1.183e-03,-3.019926e-03
1317773284,0,-4370,930000,200,6000,,-0.01,2.639e-03,-2.996099e-03
1317773314,0,-4370,936000,200,6000,,-0.01,1.183e-03,-3.039658e-03
1317773344,0,-4370,942000,200,6000,,-0.01,5.551e-03,-3.027661e-03
1317773374,0,-4370,948000,200,6000,,-0.01,8.099e-03,-3.008308e-03
1317773404,0,-4370,954000,200,6000,,-0.01,1.456e-03,-3.024461e-03
1317773434,0,-4370,960000,200,6000,,-0.01,4.732e-03,-3.000846e-03
1317773464,0,-4370,966000,200,6000,,-0.01,1.183e-03,-3.038808e-03
1317773494,0,-4370,972000,200,6000,,-0.01,0.24,-2.823669e-03
1317773524,0,-4370,978000,200,6000,,-0.01,1.547e-03,-2.992884e-03
1317773554,0,-4370,984000,200,6000,,-0.01,8.463e-03,-2.977611e-03
1317773584,0,-4370,990000,200,6000,,-0.01,1.365e-03,-2.976034e-03
1317773614,0,-4370,996000,200,6000,,-0.01,1.001e-03,-2.979204e-03
1317773644,0,-4370,1002000,200,6000,,-0.01,1.547e-03,-2.989001e-03
1317773674,0,-4370,1008000,200,6000,,-0.01,1.365e-03,-2.973228e-03
1317773704,0,-4370,1014000,200,6000,,-0.01,1.729e-03,-2.973091e-03
1317773734,0,-4370,1020000,200,6000,,-0.01,1.365e-03,-2.969102e-03
1317773764,0,-4370,1026000,200,6000,,-0.01,1.547e-03,-2.985331e-03
1317773794,0,-4370,1032000,200,6000,,-0.01,1.729e-03,-2.969846e-03
1317773824,0,-4370,1038000,200,6000,,-0.01,0.01,-2.952874e-03
1317773854,0,-4370,1044000,200,6000,,-0.01,1.729e-03,-2.976929e-03
1317773884,0,-4370,1050000,200,6000,,-0.01,1.547e-03,-2.96384e-03
1317773914,0,-4370,1056000,200,6000,,-0.01,8.19e-03,-2.945261e-03
1317773944,0,-4370,1062000,200,6000,,-0.01,1.183e-03,-2.955437e-03
1317773974,0,-4370,1068000,200,6000,,-0.01,1.365e-03,-2.972303e-03
1317774004,0,-4370,1074000,200,6000,,-0.01,1.547e-03,-2.972849e-03
1317774034,0,-4370,1080000,200,6000,,-0.01,1.274e-03,-2.979962e-03
1317774064,0,-4370,1086000,200,6000,,-0.01,1.365e-03,-2.964249e-03
1317774094,0,-4370,1092000,200,6000,,-0.01,8.372e-03,-2.972318e-03
1317774124,0,-4370,1098000,200,6000,,-0.01,9.737e-03,-2.951964e-03
1317774154,0,-4370,1104000,200,6000,,-0.01,1.638e-03,-2.963415e-03
1317774184,0,-4370,1110000,200,6000,,-0.01,1.729e-03,-2.973926e-03
1317774214,0,-4370,1116000,200,6000,,-0.01,8.19e-03,-2.967601e-03
1317774244,0,-4370,1122000,200,6000,,-0.01,1.547e-03,-2.975472e-03
1317774274,0,-4370,1128000,200,6000,,-0.01,7.917e-03,-2.965736e-03
1317774304,0,-4370,1134000,200,6000,,-0.01,1.456e-03,-2.974805e-03
1317774334,0,-4370,1140000,200,6000,,-0.01,1.547e-03,-2.983147e-03
1317774364,0,-4370,1146000,200,6000,,-0.01,1.456e-03,-2.97112e-03
1317774394,0,-4370,1152000,200,6000,,-0.01,0.01,-2.923602e-03
1317774424,0,-4370,1158000,200,6000,,-0.01,1.729e-03,-2.956711e-03
1317774454,0,-4370,1164000,200,6000,,-0.01,7.917e-03,-2.967995e-03
1317774484,0,-4370,1170000,200,6000,,-0.01,1.365e-03,-2.967586e-03
1317774514,0,-4370,1176000,200,6000,,-0.01,1.456e-03,-2.96431e-03
1317774544,0,-4370,1182000,200,6000,,-0.01,8.008e-03,-2.970513e-03
1317774574,0,-4370,1188000,200,6000,,-0.01,1.02,0.37
1317774604,0,-4370,1194000,200,6000,,0.44,0.46,0.45
1317774634,0,-4370,1200000,200,6000,,0.44,0.46,0.45
1317774664,0,-4370,1206000,200,6000,,0.44,0.46,0.45
1317774694,0,-4370,1212000,200,6000,,0.44,0.46,0.45
1317774724,0,-4370,1218000,200,6000,,0.44,0.46,0.45
1317774754,0,-4370,1224000,200,6000,,0.44,0.47,0.45
1317774784,0,-4370,1230000,200,6000,,0.44,0.46,0.45
1317774814,0,-4370,1236000,200,6000,,0.44,0.46,0.45
1317774844,0,-4370,1242000,200,6000,,0.44,0.46,0.45
1317774874,0,-4370,1248000,200,6000,,0.44,0.46,0.45
1317774904,0,-4370,1254000,200,6000,,0.44,0.46,0.45
1317774934,0,-4370,1260000,200,6000,,0.44,0.47,0.45
1317774964,0,-4370,1266000,200,6000,,0.01,0.67,0.42
1317774994,0,-4370,1272000,200,6000,,0.23,0.25,0.24
1317775024,0,-4370,1278000,200,6000,,0.23,0.25,0.24
1317775054,0,-4370,1284000,200,6000,,0.23,0.25,0.24
1317775084,0,-4370,1290000,200,6000,,0.23,0.25,0.24
1317775114,0,-4370,1296000,200,6000,,0.23,0.25,0.24
1317775144,0,-4370,1302000,200,6000,,0.23,0.26,0.24
1317775174,0,-4370,1308000,200,6000,,0.23,0.25,0.24
1317775204,0,-4370,1314000,200,6000,,0.23,0.25,0.24
1317775234,0,-4370,1320000,200,6000,,0.23,0.25,0.24
1317775264,0,-4370,1326000,200,6000,,0.24,0.25,0.24
1317775294,0,-4370,1332000,200,6000,,0.23,0.25,0.24
1317775324,0,-4370,1338000,200,6000,,0.23,0.25,0.24
1317775354,0,-4370,1344000,200,6000,,0.23,0.25,0.24
1317775384,0,-4370,1350000,200,6000,,0.23,0.25,0.24
1317775414,0,-4370,1356000,200,6000,,0.23,0.26,0.24
1317775444,0,-4370,1362000,200,6000,,0.23,0.25,0.24
1317775474,0,-4370,1368000,200,6000,,0.23,0.25,0.24
1317775504,0,-4370,1374000,200,6000,,0.23,0.25,0.24
1317775534,0,-4370,1380000,200,6000,,0.23,0.25,0.24
1317775564,0,-4370,1386000,200,6000,,0.23,0.25,0.24
1317775594,0,-4370,1392000,200,6000,,0.23,0.25,0.24
1317775624,0,-4370,1398000,200,6000,,0.23,0.25,0.24
1317775654,0,-4370,1404000,200,6000,,0.23,0.25,0.24
1317775684,0,-4370,1410000,200,6000,,0.23,0.26,0.24
1317775714,0,-4370,1416000,200,6000,,0.23,0.25,0.24
1317775744,0,-4370,1422000,200,6000,,0.23,0.25,0.24
1317775774,0,-4370,1428000,200,6000,,0.23,0.25,0.24
1317775804,0,-4370,1434000,200,6000,,0.23,0.25,0.24
1317775834,0,-4370,1440000,200,6000,,0.23,0.25,0.24
1317775864,0,-4370,1446000,200,6000,,-2.275e-03,0.46,0.26
1317775894,0,-4370,1452000,200,6000,,0.44,0.47,0.45
1317775924,0,-4370,1458000,200,6000,,0.44,0.46,0.45
1317775954,0,-4370,1464000,200,6000,,0.44,0.47,0.45
1317775984,0,-4370,1470000,200,6000,,0.44,0.46,0.45
1317776014,0,-4370,1476000,200,6000,,0.44,0.46,0.45
1317776044,0,-4370,1482000,200,6000,,0.44,0.47,0.45
1317776074,0,-4370,1488000,200,6000,,0.44,0.46,0.45
1317776104,0,-4370,1494000,200,6000,,0.44,0.46,0.45
1317776134,0,-4370,1500000,200,6000,,0.44,0.46,0.45
1317776164,0,-4370,1506000,200,6000,,0.44,0.47,0.45
1317776194,0,-4370,1512000,200,6000,,0.44,0.46,0.45
1317776224,0,-4370,1518000,200,6000,,0.44,0.46,0.45
1317776254,0,-4370,1524000,200,6000,,0.44,0.47,0.45
1317776284,0,-4370,1530000,200,6000,,0.44,0.46,0.45
1317776314,0,-4370,1536000,200,6000,,0.44,0.46,0.45
1317776344,0,-4370,1542000,200,6000,,0.44,0.46,0.45
1317776374,0,-4370,1548000,200,6000,,0.44,0.46,0.45
1317776404,0,-4370,1554000,200,6000,,0.44,0.46,0.45
1317776434,0,-4370,1560000,200,6000,,0.44,0.47,0.45
1317776464,0,-4370,1566000,200,6000,,0.44,0.46,0.45
1317776494,0,-4370,1572000,200,6000,,0.44,0.46,0.45
1317776524,0,-4370,1578000,200,6000,,0.44,0.46,0.45
1317776554,0,-4370,1584000,200,6000,,0.44,0.46,0.45
1317776584,0,-4370,1590000,200,6000,,0.44,0.46,0.45
1317776614,0,-4370,1596000,200,6000,,0.44,0.46,0.45
1317776644,0,-4370,1602000,200,6000,,0.44,0.47,0.45
1317776674,0,-4370,1608000,200,6000,,0.44,0.46,0.45
1317776704,0,-4370,1614000,200,6000,,0.44,0.46,0.45
1317776734,0,-4370,1620000,200,6000,,0.44,0.46,0.45
1317776764,0,-4370,1626000,200,6000,,0.44,0.46,0.45
1317776794,0,-4370,1632000,200,6000,,0.44,0.46,0.45
1317776824,0,-4370,1638000,200,6000,,0.44,0.47,0.45
1317776854,0,-4370,1644000,200,6000,,0.44,0.46,0.45
1317776884,0,-4370,1650000,200,6000,,0.44,0.46,0.45
1317776914,0,-4370,1656000,200,6000,,0.44,0.46,0.45
1317776944,0,-4370,1662000,200,6000,,0.44,0.46,0.45
1317776974,0,-4370,1668000,200,6000,,0.44,0.46,0.45
1317777004,0,-4370,1674000,200,6000,,0.44,0.46,0.45
1317777034,0,-4370,1680000,200,6000,,0.44,0.46,0.45
1317777064,0,-4370,1686000,200,6000,,0.44,0.46,0.45
1317777094,0,-4370,1692000,200,6000,,0.44,0.47,0.45
1317777124,0,-4370,1698000,200,6000,,0.44,0.46,0.45
1317777154,0,-4370,1704000,200,6000,,0.44,0.46,0.45
1317777184,0,-4370,1710000,200,6000,,0.44,0.47,0.45
1317777214,0,-4370,1716000,200,6000,,0.44,0.46,0.45
1317777244,0,-4370,1722000,200,6000,,0.44,0.46,0.45
1317777274,0,-4370,1728000,200,6000,,0.44,0.46,0.45
1317777304,0,-4370,1734000,200,6000,,-9.737e-03,0.68,0.43
1317777334,0,-4370,1740000,200,6000,,0.23,0.25,0.24
1317777364,0,-4370,1746000,200,6000,,0.23,0.26,0.24
1317777394,0,-4370,1752000,200,6000,,0.23,0.25,0.24
1317777424,0,-4370,1758000,200,6000,,0.23,0.25,0.24
1317777454,0,-4370,1764000,200,6000,,0.23,0.25,0.24
1317777484,0,-4370,1770000,200,6000,,0.23,0.25,0.24
1317777514,0,-4370,1776000,200,6000,,0.23,0.25,0.24
1317777544,0,-4370,1782000,200,6000,,0.23,0.25,0.24
1317777574,0,-4370,1788000,200,6000,,0.23,0.26,0.24
1317777604,0,-4370,1794000,200,6000,,-0.01,0.68,0.24
1317777634,0,-4370,1800000,200,6000,,0.23,0.25,0.24
1317777664,0,-4370,1806000,200,6000,,0.23,0.26,0.24
1317777694,0,-4370,1812000,200,6000,,0.23,0.25,0.24
1317777724,0,-4370,1818000,200,6000,,0.23,0.25,0.24
1317777754,0,-4370,1824000,200,6000,,0.23,0.25,0.24
1317777784,0,-4370,1830000,200,6000,,0.23,0.25,0.24
1317777814,0,-4370,1836000,200,6000,,0.23,0.25,0.24
1317777844,0,-4370,1842000,200,6000,,0.23,0.26,0.24
1317777874,0,-4370,1848000,200,6000,,0.23,0.25,0.24
1317777904,0,-4370,1854000,200,6000,,0.23,0.25,0.24
1317777934,0,-4370,1860000,200,6000,,0.23,0.25,0.24
1317777964,0,-4370,1866000,200,6000,,0.23,0.25,0.24
1317777994,0,-4370,1872000,200,6000,,0.23,0.25,0.24
1317778024,0,-4370,1878000,200,6000,,0.23,0.25,0.24
1317778054,0,-4370,1884000,200,6000,,0.23,0.25,0.24
1317778084,0,-4370,1890000,200,6000,,0.23,0.25,0.24
1317778114,0,-4370,1896000,200,6000,,0.23,0.26,0.24
1317778144,0,-4370,1902000,200,6000,,0.23,0.25,0.24
1317778174,0,-4370,1908000,200,6000,,0.23,0.25,0.24
1317778204,0,-4370,1914000,200,6000,,0.23,0.25,0.24
1317778234,0,-4370,1920000,200,6000,,0.23,0.25,0.24
1317778264,0,-4370,1926000,200,6000,,0.23,0.25,0.24
1317778294,0,-4370,1932000,200,6000,,0.23,0.25,0.24
1317778324,0,-4370,1938000,200,6000,,0.23,0.25,0.24
1317778354,0,-4370,1944000,200,6000,,0.23,0.25,0.24
1317778384,0,-4370,1950000,200,6000,,0.23,0.25,0.24
1317778414,0,-4370,1956000,200,6000,,-6.006e-03,0.25,0.24
1317778444,0,-4370,1962000,200,6000,,-0.01,0.46,0.37
1317778474,0,-4370,1968000,200,6000,,0.44,0.46,0.45
1317778504,0,-4370,1974000,200,6000,,0.44,0.47,0.45
1317778534,0,-4370,1980000,200,6000,,0.44,0.46,0.45
1317778564,0,-4370,1986000,200,6000,,0.44,0.46,0.45
1317778594,0,-4370,1992000,200,6000,,0.44,0.46,0.45
1317778624,0,-4370,1998000,200,6000,,0.44,0.46,0.45
1317778654,0,-4370,2004000,200,6000,,0.44,0.46,0.45
1317778684,0,-4370,2010000,200,6000,,0.44,0.46,0.45
1317778714,0,-4370,2016000,200,6000,,0.44,0.46,0.45
1317778744,0,-4370,2022000,200,6000,,0.44,0.46,0.45
1317778774,0,-4370,2028000,200,6000,,0.44,0.47,0.45
1317778804,0,-4370,2034000,200,6000,,0.44,0.46,0.45
1317778834,0,-4370,2040000,200,6000,,0.44,0.46,0.45
1317778864,0,-4370,2046000,200,6000,,0.44,0.47,0.45
1317778894,0,-4370,2052000,200,6000,,0.44,0.46,0.45
1317778924,0,-4370,2058000,200,6000,,-0.01,0.46,0.36
1317778954,0,-4370,2064000,200,6000,,0.23,0.26,0.24
1317778984,0,-4370,2070000,200,6000,,0.23,0.25,0.24
1317779014,0,-4370,2076000,200,6000,,0.23,0.25,0.24
1317779044,0,-4370,2082000,200,6000,,0.23,0.26,0.24
1317779074,0,-4370,2088000,200,6000,,0.23,0.25,0.24
1317779104,0,-4370,2094000,200,6000,,0.23,0.25,0.24
1317779134,0,-4370,2100000,200,6000,,0.23,0.26,0.24
1317779164,0,-4370,2106000,200,6000,,0.23,0.25,0.24
1317779194,0,-4370,2112000,200,6000,,0.03,0.51,0.26
1317779224,0,-4370,2118000,200,6000,,0.23,0.25,0.24
1317779254,0,-4370,2124000,200,6000,,0.23,0.26,0.24
1317779284,0,-4370,2130000,200,6000,,0.23,0.25,0.24
1317779314,0,-4370,2136000,200,6000,,0.23,0.25,0.24
1317779344,0,-4370,2142000,200,6000,,0.23,0.69,0.26
1317779374,0,-4370,2148000,200,6000,,0.23,0.25,0.24
1317779404,0,-4370,2154000,200,6000,,0.23,0.25,0.24
1317779434,0,-4370,2160000,200,6000,,0.23,0.45,0.24
1317779464,0,-4370,2166000,200,6000,,0.23,0.46,0.25
1317779494,0,-4370,2172000,200,6000,,0.23,0.25,0.24
1317779524,0,-4370,2178000,200,6000,,0.23,0.26,0.24
1317779554,0,-4370,2184000,200,6000,,0.23,0.25,0.24
1317779584,0,-4370,2190000,200,6000,,0.23,0.46,0.25
1317779614,0,-4370,2196000,200,6000,,0.23,0.46,0.31
1317779644,0,-4370,2202000,200,6000,,0.23,0.46,0.31
1317779674,0,-4370,2208000,200,6000,,0.23,0.46,0.36
1317779704,0,-4370,2214000,200,6000,,0.23,0.47,0.30
1317779734,0,-4370,2220000,200,6000,,0.24,0.46,0.44
1317779764,0,-4370,2226000,200,6000,,0.24,0.46,0.44
1317779794,0,-4370,2232000,200,6000,,0.23,0.46,0.41
1317779824,0,-4370,2238000,200,6000,,0.23,0.46,0.41
1317779854,0,-4370,2244000,200,6000,,0.23,0.46,0.40
1317779884,0,-4370,2250000,200,6000,,0.23,0.46,0.39
1317779914,0,-4370,2256000,200,6000,,0.24,0.46,0.43
1317779944,0,-4370,2262000,200,6000,,0.23,0.46,0.44
1317779974,0,-4370,2268000,200,6000,,0.44,0.46,0.45
1317780004,0,-4370,2274000,200,6000,,0.24,0.47,0.45
1317780034,0,-4370,2280000,200,6000,,0.24,0.46,0.45
1317780064,0,-4370,2286000,200,6000,,0.44,0.46,0.45
1317780094,0,-4370,2292000,200,6000,,0.44,0.47,0.45
1317780124,0,-4370,2298000,200,6000,,0.44,0.46,0.45
1317780154,0,-4370,2304000,200,6000,,0.44,0.46,0.45
1317780184,0,-4370,2310000,200,6000,,0.44,0.47,0.45
1317780214,0,-4370,2316000,200,6000,,0.44,0.46,0.45
1317780244,0,-4370,2322000,200,6000,,0.24,0.46,0.41
1317780274,0,-4370,2328000,200,6000,,-0.01,0.89,0.21
1317780304,0,-4370,2334000,200,6000,,-0.01,1.456e-03,-3.069415e-03
1317780334,0,-4370,2340000,200,6000,,-0.01,1.365e-03,-3.07219e-03
1317780364,0,-4370,2346000,200,6000,,-0.01,9.373e-03,-3.062347e-03
1317780394,0,-4370,2352000,200,6000,,-0.01,1.547e-03,-3.079334e-03
1317780424,0,-4370,2358000,200,6000,,-0.01,1.365e-03,-2.914882e-03
1317780454,0,-4370,2364000,200,6000,,-0.01,0.68,0.14
1317780484,0,-4370,2370000,200,6000,,0.23,0.25,0.24
1317780514,0,-4370,2376000,200,6000,,-0.01,0.54,0.19
1317780544,0,-4370,2382000,200,6000,,-0.01,8.827e-03,-3.056614e-03
1317780574,0,-4370,2388000,200,6000,,-0.01,1.82e-03,-3.06438e-03
1317780604,0,-4370,2394000,200,6000,,-0.01,1.547e-03,-3.067731e-03
1317780634,0,-4370,2400000,200,6000,,-0.01,1.456e-03,-3.087403e-03
1317780664,0,-4370,2406000,200,6000,,-0.01,1.183e-03,-3.054233e-03
1317780694,0,-4370,2412000,200,6000,,-0.01,1.365e-03,-3.047226e-03
1317780724,0,-4370,2418000,200,6000,,-0.01,8.008e-03,-3.045679e-03
1317780754,0,-4370,2424000,200,6000,,-0.01,7.28e-03,-3.038687e-03
1317780784,0,-4370,2430000,200,6000,,-0.01,1.365e-03,-3.059086e-03
1317780814,0,-4370,2436000,200,6000,,-0.01,1.638e-03,-3.05214e-03
1317780844,0,-4370,2442000,200,6000,,-0.01,1.547e-03,-3.043738e-03
1317780874,0,-4370,2448000,200,6000,,-0.01,1.456e-03,-3.052155e-03
1317780904,0,-4370,2454000,200,6000,,-0.01,1.638e-03,-3.062165e-03
1317780934,0,-4370,2460000,200,6000,,-0.01,8.008e-03,-3.039082e-03
1317780964,0,-4370,2466000,200,6000,,-0.01,1.365e-03,-3.060178e-03
1317780994,0,-4370,2472000,200,6000,,-0.01,3.822e-03,-3.026417e-03
1317781024,0,-4370,2478000,200,6000,,-0.01,2.093e-03,-3.038793e-03
1317781054,0,-4370,2484000,200,6000,,-0.01,1.456e-03,-3.043131e-03
1317781084,0,-4370,2490000,200,6000,,-0.01,1.638e-03,-3.049941e-03
1317781114,0,-4370,2496000,200,6000,,-0.01,8.281e-03,-3.005245e-03
1317781144,0,-4370,2502000,200,6000,,-0.01,1.365e-03,-3.0298e-03
1317781174,0,-4370,2508000,200,6000,,-0.01,1.729e-03,-3.021989e-03
1317781204,0,-4370,2514000,200,6000,,-0.01,7.917e-03,-3.028783e-03
1317781234,0,-4370,2520000,200,6000,,-0.01,1.456e-03,-3.025902e-03
1317781264,0,-4370,2526000,200,6000,,-0.01,1.456e-03,-3.023884e-03
1317781294,0,-4370,2532000,200,6000,,-0.01,1.274e-03,-3.02528e-03
1317781324,0,-4370,2538000,200,6000,,-0.01,1.365e-03,-3.028556e-03
1317781354,0,-4370,2544000,200,6000,,-0.01,1.547e-03,-3.029436e-03
1317781384,0,-4370,2550000,200,6000,,-0.01,2.912e-03,-3.026402e-03
1317781414,0,-4370,2556000,200,6000,,-0.01,1.365e-03,-3.040083e-03
1317781444,0,-4370,2562000,200,6000,,-0.01,1.456e-03,-3.040689e-03
1317781474,0,-4370,2568000,200,6000,,-0.01,0.01,-3.014769e-03
1317781504,0,-4370,2574000,200,6000,,-0.01,3.276e-03,-2.993945e-03
1317781534,0,-4370,2580000,200,6000,,-0.01,1.729e-03,-3.03391e-03
1317781564,0,-4370,2586000,200,6000,,-0.01,1.183e-03,-3.020669e-03
1317781594,0,-4370,2592000,200,6000,,-0.01,1.183e-03,-3.0239e-03
1317781624,0,-4370,2598000,200,6000,,-0.01,1.638e-03,-3.019213e-03
1317781654,0,-4370,2604000,200,6000,,-0.01,1.638e-03,-3.014982e-03
1317781684,0,-4370,2610000,200,6000,,-0.01,8.19e-03,-3.006746e-03
1317781714,0,-4370,2616000,200,6000,,-0.01,1.274e-03,-3.023141e-03
1317781744,0,-4370,2622000,200,6000,,-0.01,1.456e-03,-3.011948e-03
1317781774,0,-4370,2628000,200,6000,,-0.01,8.281e-03,-3.006701e-03
1317781804,0,-4370,2634000,200,6000,,-0.01,2.912e-03,-3.038308e-03
1317781834,0,-4370,2640000,200,6000,,-0.01,1.729e-03,-3.021215e-03
1317781864,0,-4370,2646000,200,6000,,-0.01,0.01,-3.009552e-03
1317781894,0,-4370,2652000,200,6000,,-0.01,1.183e-03,-3.012813e-03
1317781924,0,-4370,2658000,200,6000,,-0.01,1.365e-03,-3.034911e-03
1317781954,0,-4370,2664000,200,6000,,-0.01,1.456e-03,-3.02343e-03
1317781984,0,-4370,2670000,200,6000,,-0.01,1.547e-03,-3.040553e-03
1317782014,0,-4370,2676000,200,6000,,-0.01,1.547e-03,-3.030194e-03
1317782044,0,-4370,2682000,200,6000,,-0.01,8.463e-03,-3.033136e-03
1317782074,0,-4370,2688000,200,6000,,-0.01,1.365e-03,-3.024992e-03
1317782104,0,-4370,2694000,200,6000,,-0.01,1.456e-03,-3.024021e-03
1317782134,0,-4370,2700000,200,6000,,-0.01,8.099e-03,-3.00435e-03
1317782164,0,-4370,2706000,200,6000,,-0.01,1.365e-03,-3.002242e-03
1317782194,0,-4370,2712000,200,6000,,-0.01,1.365e-03,-3.029163e-03
1317782224,0,-4370,2718000,200,6000,,-0.01,1.547e-03,-3.020017e-03
1317782254,0,-4370,2724000,200,6000,,-0.01,1.456e-03,-3.005957e-03
1317782284,0,-4370,2730000,200,6000,,-0.01,1.729e-03,-3.0116e-03
1317782314,0,-4370,2736000,200,6000,,-0.01,8.372e-03,-2.99801e-03
1317782344,0,-4370,2742000,200,6000,,-0.01,1.456e-03,-3.020108e-03
1317782374,0,-4370,2748000,200,6000,,-0.01,1.365e-03,-3.008703e-03
1317782404,0,-4370,2754000,200,6000,,-0.01,1.547e-03,-2.990472e-03
1317782434,0,-4370,2760000,200,6000,,-0.01,1.729e-03,-2.999254e-03
1317782464,0,-4370,2766000,200,6000,,-0.01,1.729e-03,-2.99252e-03
1317782494,0,-4370,2772000,200,6000,,-0.01,1.456e-03,-2.976868e-03
1317782524,0,-4370,2778000,200,6000,,-0.01,8.19e-03,-2.984466e-03
1317782554,0,-4370,2784000,200,6000,,-0.01,1.456e-03,-3.007156e-03
1317782584,0,-4370,2790000,200,6000,,-0.01,8.19e-04,-3.016832e-03
1317782614,0,-4370,2796000,200,6000,,-0.01,1.365e-03,-3.022717e-03
1317782644,0,-4370,2802000,200,6000,,-0.01,1.547e-03,-3.000634e-03
1317782674,0,-4370,2808000,200,6000,,-0.01,1.274e-03,-2.966403e-03
1317782704,0,-4370,2814000,200,6000,,-0.01,2.093e-03,-2.472986e-03
1317782734,0,-4370,2820000,200,6000,,-0.01,1.02,0.40
1317782764,0,-4370,2826000,200,6000,,0.44,0.46,0.45
1317782794,0,-4370,2832000,200,6000,,0.44,0.47,0.45
1317782824,0,-4370,2838000,200,6000,,0.44,0.46,0.45
1317782854,0,-4370,2844000,200,6000,,0.44,0.46,0.45
1317782884,0,-4370,2850000,200,6000,,0.44,0.46,0.45
1317782914,0,-4370,2856000,200,6000,,0.44,0.46,0.45
1317782944,0,-4370,2862000,200,6000,,0.44,0.46,0.45
1317782974,0,-4370,2868000,200,6000,,0.44,0.46,0.45
1317783004,0,-4370,2874000,200,6000,,0.44,0.46,0.45
1317783034,0,-4370,2880000,200,6000,,0.44,0.46,0.45
1317783064,0,-4370,2886000,200,6000,,0.44,0.47,0.45
1317783094,0,-4370,2892000,200,6000,,0.44,0.46,0.45
1317783124,0,-4370,2898000,200,6000,,0.44,0.46,0.45
1317783154,0,-4370,2904000,200,6000,,0.44,0.47,0.45
1317783184,0,-4370,2910000,200,6000,,0.44,0.46,0.45
1317783214,0,-4370,2916000,200,6000,,0.44,0.46,0.45
1317783244,0,-4370,2922000,200,6000,,0.44,0.46,0.45
1317783274,0,-4370,2928000,200,6000,,0.44,0.46,0.45
1317783304,0,-4370,2934000,200,6000,,0.44,0.46,0.45
1317783334,0,-4370,2940000,200,6000,,0.44,0.46,0.45
1317783364,0,-4370,2946000,200,6000,,0.44,0.47,0.45
1317783394,0,-4370,2952000,200,6000,,0.44,0.46,0.45
1317783424,0,-4370,2958000,200,6000,,0.44,0.46,0.45
1317783454,0,-4370,2964000,200,6000,,0.44,0.46,0.45
1317783484,0,-4370,2970000,200,6000,,0.44,0.46,0.45
1317783514,0,-4370,2976000,200,6000,,0.44,0.46,0.45
1317783544,0,-4370,2982000,200,6000,,0.44,0.47,0.45
1317783574,0,-4370,2988000,200,6000,,0.44,0.46,0.45
1317783604,0,-4370,2994000,200,6000,,0.44,0.46,0.45
1317783634,0,-4370,3000000,200,6000,,0.44,0.46,0.45
1317783664,0,-4370,3006000,200,6000,,0.44,0.46,0.45
1317783694,0,-4370,3012000,200,6000,,0.44,0.46,0.45
1317783724,0,-4370,3018000,200,6000,,0.44,0.46,0.45
1317783754,0,-4370,3024000,200,6000,,0.44,0.46,0.45
1317783784,0,-4370,3030000,200,6000,,0.44,0.46,0.45
1317783814,0,-4370,3036000,200,6000,,0.44,0.47,0.45
1317783844,0,-4370,3042000,200,6000,,0.44,0.46,0.45
1317783874,0,-4370,3048000,200,6000,,0.44,0.46,0.45
1317783904,0,-4370,3054000,200,6000,,0.44,0.46,0.45
1317783934,0,-4370,3060000,200,6000,,0.44,0.46,0.45
1317783964,0,-4370,3066000,200,6000,,0.44,0.46,0.45
1317783994,0,-4370,3072000,200,6000,,0.44,0.46,0.45
1317784024,0,-4370,3078000,200,6000,,0.44,0.46,0.45
1317784054,0,-4370,3084000,200,6000,,0.44,0.46,0.45
1317784084,0,-4370,3090000,200,6000,,0.44,0.47,0.45
1317784114,0,-4370,3096000,200,6000,,0.44,0.47,0.45
1317784144,0,-4370,3102000,200,6000,,0.44,0.46,0.45
1317784174,0,-4370,3108000,200,6000,,0.44,0.46,0.45
1317784204,0,-4370,3114000,200,6000,,0.44,0.47,0.45
1317784234,0,-4370,3120000,200,6000,,0.44,0.46,0.45
1317784264,0,-4370,3126000,200,6000,,0.44,0.46,0.45
1317784294,0,-4370,3132000,200,6000,,0.44,0.47,0.45
1317784324,0,-4370,3138000,200,6000,,0.44,0.46,0.45
1317784354,0,-4370,3144000,200,6000,,0.44,0.46,0.45
1317784384,0,-4370,3150000,200,6000,,0.44,0.47,0.45
1317784414,0,-4370,3156000,200,6000,,0.44,0.46,0.45
1317784444,0,-4370,3162000,200,6000,,0.44,0.46,0.45
1317784474,0,-4370,3168000,200,6000,,0.44,0.47,0.45
1317784504,0,-4370,3174000,200,6000,,0.44,0.46,0.45
1317784534,0,-4370,3180000,200,6000,,0.44,0.46,0.45
1317784564,0,-4370,3186000,200,6000,,0.44,0.47,0.45
1317784594,0,-4370,3192000,200,6000,,0.44,0.46,0.45
1317784624,0,-4370,3198000,200,6000,,0.44,0.46,0.45
1317784654,0,-4370,3204000,200,6000,,0.44,0.47,0.45
1317784684,0,-4370,3210000,200,6000,,-0.01,1.00,0.25
1317784714,0,-4370,3216000,200,6000,,-0.01,1.547e-03,-3.06761e-03
1317784744,0,-4370,3222000,200,6000,,-0.01,1.911e-03,-3.054809e-03
1317784774,0,-4370,3228000,200,6000,,-0.01,1.456e-03,-3.042979e-03
1317784804,0,-4370,3234000,200,6000,,-0.01,1.82e-03,-3.027176e-03
1317784834,0,-4370,3240000,200,6000,,-0.01,7.371e-03,-3.021458e-03
1317784864,0,-4370,3246000,200,6000,,-0.01,1.365e-03,-3.025644e-03
1317784894,0,-4370,3252000,200,6000,,-0.01,1.092e-03,-3.022277e-03
1317784924,0,-4370,3258000,200,6000,,-0.01,0.67,0.04
1317784954,0,-4370,3264000,200,6000,,-0.01,0.25,0.16
1317784984,0,-4370,3270000,200,6000,,0.23,0.25,0.24
1317785014,0,-4370,3276000,200,6000,,0.23,0.25,0.24
1317785044,0,-4370,3282000,200,6000,,0.23,0.25,0.24
1317785074,0,-4370,3288000,200,6000,,0.23,0.25,0.24
1317785104,0,-4370,3294000,200,6000,,0.23,0.25,0.24
1317785134,0,-4370,3300000,200,6000,,0.23,0.26,0.24
1317785164,0,-4370,3306000,200,6000,,0.24,0.25,0.24
1317785194,0,-4370,3312000,200,6000,,0.23,0.25,0.24
1317785224,0,-4370,3318000,200,6000,,0.23,0.26,0.24
1317785254,0,-4370,3324000,200,6000,,0.23,0.25,0.24
1317785284,0,-4370,3330000,200,6000,,0.23,0.25,0.24
1317785314,0,-4370,3336000,200,6000,,0.23,0.25,0.24
1317785344,0,-4370,3342000,200,6000,,0.23,0.25,0.24
1317785374,0,-4370,3348000,200,6000,,0.23,0.25,0.24
1317785404,0,-4370,3354000,200,6000,,0.23,0.26,0.24
1317785434,0,-4370,3360000,200,6000,,0.23,0.25,0.24
1317785464,0,-4370,3366000,200,6000,,0.23,0.25,0.24
1317785494,0,-4370,3372000,200,6000,,0.23,0.25,0.24
1317785524,0,-4370,3378000,200,6000,,0.23,0.25,0.24
1317785554,0,-4370,3384000,200,6000,,0.23,0.25,0.24
1317785584,0,-4370,3390000,200,6000,,0.23,0.25,0.24
1317785614,0,-4370,3396000,200,6000,,0.23,0.25,0.24
1317785644,0,-4370,3402000,200,6000,,0.23,0.25,0.24
1317785674,0,-4370,3408000,200,6000,,0.23,0.25,0.24
1317785704,0,-4370,3414000,200,6000,,0.23,0.25,0.24
1317785734,0,-4370,3420000,200,6000,,0.23,0.25,0.24
1317785764,0,-4370,3426000,200,6000,,0.23,0.26,0.24
1317785794,0,-4370,3432000,200,6000,,0.23,0.26,0.24
1317785824,0,-4370,3438000,200,6000,,0.23,0.25,0.24
1317785854,0,-4370,3444000,200,6000,,0.23,0.25,0.24
1317785884,0,-4370,3450000,200,6000,,0.23,0.26,0.24
1317785914,0,-4370,3456000,200,6000,,-0.01,0.45,0.24
1317785944,0,-4370,3462000,200,6000,,-2.275e-03,0.44,0.24
1317785974,0,-4370,3468000,200,6000,,0.23,0.25,0.24
1317786004,0,-4370,3474000,200,6000,,0.23,0.25,0.24
1317786034,0,-4370,3480000,200,6000,,0.23,0.25,0.24
1317786064,0,-4370,3486000,200,6000,,0.23,0.26,0.24
1317786094,0,-4370,3492000,200,6000,,0.23,0.45,0.24
1317786124,0,-4370,3498000,200,6000,,0.23,0.46,0.24
1317786154,0,-4370,3504000,200,6000,,0.23,0.46,0.25
1317786184,0,-4370,3510000,200,6000,,0.23,0.46,0.25
1317786214,0,-4370,3516000,200,6000,,0.23,0.46,0.25
1317786244,0,-4370,3522000,200,6000,,0.23,0.46,0.25
1317786274,0,-4370,3528000,200,6000,,0.23,0.46,0.25
1317786304,0,-4370,3534000,200,6000,,0.23,0.46,0.25
1317786334,0,-4370,3540000,200,6000,,0.24,0.46,0.25
1317786364,0,-4370,3546000,200,6000,,0.23,0.46,0.25
1317786394,0,-4370,3552000,200,6000,,0.23,0.46,0.25
1317786424,0,-4370,3558000,200,6000,,0.23,0.46,0.25
1317786454,0,-4370,3564000,200,6000,,0.23,0.46,0.25
1317786484,0,-4370,3570000,200,6000,,0.23,0.46,0.25
1317786514,0,-4370,3576000,200,6000,,0.24,0.47,0.38
1317786544,0,-4370,3582000,200,6000,,0.24,0.46,0.45
1317786574,0,-4370,3588000,200,6000,,0.24,0.46,0.45
1317786604,0,-4370,3594000,200,6000,,0.24,0.46,0.45
1317786634,0,-4370,3600000,200,6000,,0.24,0.46,0.45
1317786664,0,-4370,3606000,200,6000,,0.24,0.46,0.45
1317786694,0,-4370,3612000,200,6000,,0.24,0.46,0.45
1317786724,0,-4370,3618000,200,6000,,0.24,0.46,0.45
1317786754,0,-4370,3624000,200,6000,,0.23,1.01,0.42
1317786784,0,-4370,3630000,200,6000,,-8.918e-03,0.71,0.39
1317786814,0,-4370,3636000,200,6000,,0.44,0.47,0.45
1317786844,0,-4370,3642000,200,6000,,0.44,0.46,0.45
1317786874,0,-4370,3648000,200,6000,,0.44,0.46,0.45
1317786904,0,-4370,3654000,200,6000,,0.44,0.46,0.45
1317786934,0,-4370,3660000,200,6000,,0.44,0.46,0.45
1317786964,0,-4370,3666000,200,6000,,0.44,0.46,0.45
1317786994,0,-4370,3672000,200,6000,,-0.01,0.89,0.36
1317787024,0,-4370,3678000,200,6000,,0.23,0.25,0.24
1317787054,0,-4370,3684000,200,6000,,0.23,0.25,0.24
1317787084,0,-4370,3690000,200,6000,,0.23,0.25,0.24
1317787114,0,-4370,3696000,200,6000,,0.23,0.25,0.24
1317787144,0,-4370,3702000,200,6000,,0.23,0.25,0.24
1317787174,0,-4370,3708000,200,6000,,0.23,0.25,0.24
1317787204,0,-4370,3714000,200,6000,,0.23,0.25,0.24
1317787234,0,-4370,3720000,200,6000,,0.23,0.25,0.24
1317787264,0,-4370,3726000,200,6000,,0.23,0.25,0.24
1317787294,0,-4370,3732000,200,6000,,0.23,0.25,0.24
1317787324,0,-4370,3738000,200,6000,,0.23,0.25,0.24
1317787354,0,-4370,3744000,200,6000,,0.23,0.25,0.24
1317787384,0,-4370,3750000,200,6000,,0.23,0.25,0.24
1317787414,0,-4370,3756000,200,6000,,0.23,0.25,0.24
1317787444,0,-4370,3762000,200,6000,,0.23,0.26,0.24
1317787474,0,-4370,3768000,200,6000,,0.23,0.26,0.24
1317787504,0,-4370,3774000,200,6000,,0.23,0.25,0.24
1317787534,0,-4370,3780000,200,6000,,0.23,0.25,0.24
1317787564,0,-4370,3786000,200,6000,,0.23,0.25,0.24
1317787594,0,-4370,3792000,200,6000,,0.23,0.25,0.24
1317787624,0,-4370,3798000,200,6000,,0.23,0.25,0.24
1317787654,0,-4370,3804000,200,6000,,0.23,0.26,0.24
1317787684,0,-4370,3810000,200,6000,,0.23,0.25,0.24
1317787714,0,-4370,3816000,200,6000,,0.23,0.25,0.24
1317787744,0,-4370,3822000,200,6000,,0.23,0.25,0.24
1317787774,0,-4370,3828000,200,6000,,0.23,0.25,0.24
1317787804,0,-4370,3834000,200,6000,,0.23,0.25,0.24
1317787834,0,-4370,3840000,200,6000,,0.23,0.26,0.24
1317787864,0,-4370,3846000,200,6000,,0.23,0.25,0.24
1317787894,0,-4370,3852000,200,6000,,0.23,0.25,0.24
1317787924,0,-4370,3858000,200,6000,,0.23,0.25,0.24
1317787954,0,-4370,3864000,200,6000,,0.23,0.25,0.24
1317787984,0,-4370,3870000,200,6000,,0.23,0.25,0.24
1317788014,0,-4370,3876000,200,6000,,0.23,0.26,0.24
1317788044,0,-4370,3882000,200,6000,,0.23,0.25,0.24
1317788074,0,-4370,3888000,200,6000,,0.23,0.25,0.24
1317788104,0,-4370,3894000,200,6000,,0.23,0.25,0.24
1317788134,0,-4370,3900000,200,6000,,0.23,0.25,0.24
1317788164,0,-4370,3906000,200,6000,,0.23,0.25,0.24
1317788194,0,-4370,3912000,200,6000,,0.23,0.25,0.24
1317788224,0,-4370,3918000,200,6000,,0.23,0.25,0.24
1317788254,0,-4370,3924000,200,6000,,0.24,0.25,0.24
1317788284,0,-4370,3930000,200,6000,,0.23,0.25,0.24
1317788314,0,-4370,3936000,200,6000,,0.23,0.25,0.24
1317788344,0,-4370,3942000,200,6000,,0.23,0.25,0.24
1317788374,0,-4370,3948000,200,6000,,0.23,0.25,0.24
1317788404,0,-4370,3954000,200,6000,,0.23,0.26,0.24
1317788434,0,-4370,3960000,200,6000,,0.24,0.25,0.24
1317788464,0,-4370,3966000,200,6000,,0.23,0.25,0.24
1317788494,0,-4370,3972000,200,6000,,0.23,0.25,0.24
1317788524,0,-4370,3978000,200,6000,,0.23,0.25,0.24
1317788554,0,-4370,3984000,200,6000,,0.24,0.25,0.24
1317788584,0,-4370,3990000,200,6000,,0.23,0.26,0.24
1317788614,0,-4370,3996000,200,6000,,0.23,0.25,0.24
1317788644,0,-4370,4002000,200,6000,,0.23,0.26,0.24
1317788674,0,-4370,4008000,200,6000,,0.23,0.25,0.24
1317788704,0,-4370,4014000,200,6000,,0.23,0.25,0.24
1317788734,0,-4370,4020000,200,6000,,0.23,0.25,0.24
1317788764,0,-4370,4026000,200,6000,,0.24,0.26,0.24
1317788794,0,-4370,4032000,200,6000,,0.24,0.25,0.24
1317788824,0,-4370,4038000,200,6000,,0.23,0.25,0.24
1317788854,0,-4370,4044000,200,6000,,0.23,0.26,0.24
1317788884,0,-4370,4050000,200,6000,,0.23,0.25,0.24
1317788914,0,-4370,4056000,200,6000,,0.24,0.25,0.24
1317788944,0,-4370,4062000,200,6000,,0.23,0.25,0.24
1317788974,0,-4370,4068000,200,6000,,0.23,0.25,0.24
1317789004,0,-4370,4074000,200,6000,,0.23,0.25,0.24
1317789034,0,-4370,4080000,200,6000,,0.23,0.25,0.24
1317789064,0,-4370,4086000,200,6000,,0.24,0.25,0.24
1317789094,0,-4370,4092000,200,6000,,0.23,0.25,0.24
1317789124,0,-4370,4098000,200,6000,,-2.457e-03,0.67,0.24
1317789154,0,-4370,4104000,200,6000,,0.18,0.46,0.40
1317789184,0,-4370,4110000,200,6000,,-0.01,1.02,0.40
1317789214,0,-4370,4116000,200,6000,,-0.01,1.02,0.07
1317789244,0,-4370,4122000,200,6000,,-0.01,1.03,0.28
1317789274,0,-4370,4128000,200,6000,,-0.01,1.02,1.21212e-03
1317789304,0,-4370,4134000,200,6000,,-0.01,0.91,0.20
1317789334,0,-4370,4140000,200,6000,,-2.275e-03,0.26,0.24
1317789364,0,-4370,4146000,200,6000,,-0.01,0.25,0.24
1317789394,0,-4370,4152000,200,6000,,0.23,0.25,0.24
1317789424,0,-4370,4158000,200,6000,,-2.002e-03,0.26,0.24
1317789454,0,-4370,4164000,200,6000,,0.23,0.25,0.24
1317789484,0,-4370,4170000,200,6000,,0.23,0.25,0.24
1317789514,0,-4370,4176000,200,6000,,0.23,0.25,0.24
1317789544,0,-4370,4182000,200,6000,,0.23,0.25,0.24
1317789574,0,-4370,4188000,200,6000,,0.23,0.25,0.24
1317789604,0,-4370,4194000,200,6000,,0.23,0.25,0.24
1317789634,0,-4370,4200000,200,6000,,0.23,0.25,0.24
1317789664,0,-4370,4206000,200,6000,,0.23,0.25,0.24
1317789694,0,-4370,4212000,200,6000,,0.23,0.26,0.24
1317789724,0,-4370,4218000,200,6000,,-8.099e-03,0.25,0.24
1317789754,0,-4370,4224000,200,6000,,0.23,0.25,0.24
1317789784,0,-4370,4230000,200,6000,,0.23,0.26,0.24
1317789814,0,-4370,4236000,200,6000,,0.23,0.25,0.24
1317789844,0,-4370,4242000,200,6000,,0.23,0.25,0.24
1317789874,0,-4370,4248000,200,6000,,0.23,0.26,0.24
1317789904,0,-4370,4254000,200,6000,,0.23,0.26,0.24
1317789934,0,-4370,4260000,200,6000,,0.23,0.25,0.24
1317789964,0,-4370,4266000,200,6000,,0.23,0.25,0.24
1317789994,0,-4370,4272000,200,6000,,0.23,0.25,0.24
1317790024,0,-4370,4278000,200,6000,,0.23,0.25,0.24
1317790054,0,-4370,4284000,200,6000,,0.23,0.25,0.24
1317790084,0,-4370,4290000,200,6000,,0.23,0.26,0.24
1317790114,0,-4370,4296000,200,6000,,0.23,0.25,0.24
1317790144,0,-4370,4302000,200,6000,,0.23,0.25,0.24
1317790174,0,-4370,4308000,200,6000,,0.23,0.25,0.24
1317790204,0,-4370,4314000,200,6000,,0.23,0.25,0.24
1317790234,0,-4370,4320000,200,6000,,0.23,0.25,0.24
1317790264,0,-4370,4326000,200,6000,,0.23,0.26,0.24
1317790294,0,-4370,4332000,200,6000,,0.23,0.25,0.24
1317790324,0,-4370,4338000,200,6000,,0.23,0.25,0.24
1317790354,0,-4370,4344000,200,6000,,0.23,0.25,0.24
1317790384,0,-4370,4350000,200,6000,,0.23,0.25,0.24
1317790414,0,-4370,4356000,200,6000,,0.23,0.25,0.24
1317790444,0,-4370,4362000,200,6000,,0.23,0.26,0.24
1317790474,0,-4370,4368000,200,6000,,0.23,0.25,0.24
1317790504,0,-4370,4374000,200,6000,,0.23,0.25,0.24
1317790534,0,-4370,4380000,200,6000,,0.23,0.26,0.24
1317790564,0,-4370,4386000,200,6000,,0.23,0.25,0.24
1317790594,0,-4370,4392000,200,6000,,0.23,0.25,0.24
1317790624,0,-4370,4398000,200,6000,,0.23,0.25,0.24
1317790654,0,-4370,4404000,200,6000,,0.23,0.25,0.24
1317790684,0,-4370,4410000,200,6000,,0.23,0.25,0.24
1317790714,0,-4370,4416000,200,6000,,0.23,0.26,0.24
1317790744,0,-4370,4422000,200,6000,,0.23,0.25,0.24
1317790774,0,-4370,4428000,200,6000,,0.23,0.25,0.24
1317790804,0,-4370,4434000,200,6000,,0.23,0.25,0.24
1317790834,0,-4370,4440000,200,6000,,0.23,0.26,0.24
1317790864,0,-4370,4446000,200,6000,,0.23,0.25,0.24
1317790894,0,-4370,4452000,200,6000,,0.23,0.25,0.24
1317790924,0,-4370,4458000,200,6000,,0.23,0.26,0.24
1317790954,0,-4370,4464000,200,6000,,0.23,0.25,0.24
1317790984,0,-4370,4470000,200,6000,,0.23,0.25,0.24
1317791014,0,-4370,4476000,200,6000,,0.23,0.26,0.24
1317791044,0,-4370,4482000,200,6000,,0.23,0.25,0.24
1317791074,0,-4370,4488000,200,6000,,0.23,0.25,0.24
1317791104,0,-4370,4494000,200,6000,,0.23,0.25,0.24
1317791134,0,-4370,4500000,200,6000,,0.23,0.25,0.24
1317791164,0,-4370,4506000,200,6000,,0.23,0.25,0.24
1317791194,0,-4370,4512000,200,6000,,0.23,0.26,0.24
1317791224,0,-4370,4518000,200,6000,,0.23,0.25,0.24
1317791254,0,-4370,4524000,200,6000,,0.23,0.25,0.24
1317791284,0,-4370,4530000,200,6000,,0.24,0.25,0.24
1317791314,0,-4370,4536000,200,6000,,0.23,0.25,0.24
1317791344,0,-4370,4542000,200,6000,,0.23,0.25,0.24
1317791374,0,-4370,4548000,200,6000,,0.23,0.25,0.24
1317791404,0,-4370,4554000,200,6000,,0.23,0.25,0.24
1317791434,0,-4370,4560000,200,6000,,0.23,0.25,0.24
1317791464,0,-4370,4566000,200,6000,,0.23,0.26,0.24
1317791494,0,-4370,4572000,200,6000,,0.23,0.25,0.24
1317791524,0,-4370,4578000,200,6000,,0.23,0.25,0.24
1317791554,0,-4370,4584000,200,6000,,0.23,0.26,0.24
1317791584,0,-4370,4590000,200,6000,,0.23,0.25,0.24
1317791614,0,-4370,4596000,200,6000,,0.23,0.25,0.24
1317791644,0,-4370,4602000,200,6000,,0.23,0.25,0.24
1317791674,0,-4370,4608000,200,6000,,0.23,0.25,0.24
1317791704,0,-4370,4614000,200,6000,,0.23,0.25,0.24
1317791734,0,-4370,4620000,200,6000,,0.23,0.25,0.24
1317791764,0,-4370,4626000,200,6000,,0.23,0.26,0.24
1317791794,0,-4370,4632000,200,6000,,0.23,0.25,0.24
1317791824,0,-4370,4638000,200,6000,,0.23,0.25,0.24
1317791854,0,-4370,4644000,200,6000,,0.23,0.26,0.24
1317791884,0,-4370,4650000,200,6000,,2.912e-03,0.51,0.25
1317791914,0,-4370,4656000,200,6000,,0.23,0.25,0.24
1317791944,0,-4370,4662000,200,6000,,0.23,0.25,0.24
1317791974,0,-4370,4668000,200,6000,,0.23,0.25,0.24
1317792004,0,-4370,4674000,200,6000,,0.23,0.25,0.24
1317792034,0,-4370,4680000,200,6000,,0.23,0.25,0.24
1317792064,0,-4370,4686000,200,6000,,0.23,0.25,0.24
1317792094,0,-4370,4692000,200,6000,,0.23,0.26,0.24
1317792124,0,-4370,4698000,200,6000,,-0.01,1.02,0.64
1317792154,0,-4370,4704000,200,6000,,0.66,0.68,0.67
1317792184,0,-4370,4710000,200,6000,,0.66,0.68,0.67
1317792214,0,-4370,4716000,200,6000,,0.66,0.69,0.67
1317792244,0,-4370,4722000,200,6000,,0.66,0.68,0.67
1317792274,0,-4370,4728000,200,6000,,0.66,0.68,0.67
1317792304,0,-4370,4734000,200,6000,,0.66,0.69,0.67
1317792334,0,-4370,4740000,200,6000,,0.66,0.68,0.67
1317792364,0,-4370,4746000,200,6000,,0.66,0.68,0.67
1317792394,0,-4370,4752000,200,6000,,0.66,0.68,0.67
1317792424,0,-4370,4758000,200,6000,,0.66,0.68,0.67
1317792454,0,-4370,4764000,200,6000,,0.66,0.68,0.67
1317792484,0,-4370,4770000,200,6000,,0.66,0.69,0.67
1317792514,0,-4370,4776000,200,6000,,0.66,0.69,0.67
1317792544,0,-4370,4782000,200,6000,,0.66,0.68,0.67
1317792574,0,-4370,4788000,200,6000,,0.66,0.69,0.67
1317792604,0,-4370,4794000,200,6000,,0.66,0.68,0.67
1317792634,0,-4370,4800000,200,6000,,0.66,0.68,0.67
1317792664,0,-4370,4806000,200,6000,,0.66,0.68,0.67
1317792694,0,-4370,4812000,200,6000,,0.66,0.69,0.67
1317792724,0,-4370,4818000,200,6000,,0.66,0.68,0.67
1317792754,0,-4370,4824000,200,6000,,0.66,0.68,0.67
1317792784,0,-4370,4830000,200,6000,,0.66,0.68,0.67
1317792814,0,-4370,4836000,200,6000,,0.66,0.68,0.67
1317792844,0,-4370,4842000,200,6000,,0.66,0.68,0.67
1317792874,0,-4370,4848000,200,6000,,0.66,0.69,0.67
1317792904,0,-4370,4854000,200,6000,,0.66,0.68,0.67
1317792934,0,-4370,4860000,200,6000,,0.66,0.68,0.67
1317792964,0,-4370,4866000,200,6000,,0.66,0.68,0.67
1317792994,0,-4370,4872000,200,6000,,0.66,0.69,0.67
1317793024,0,-4370,4878000,200,6000,,0.66,0.68,0.67
1317793054,0,-4370,4884000,200,6000,,0.66,0.69,0.67
1317793084,0,-4370,4890000,200,6000,,0.66,0.68,0.67
1317793114,0,-4370,4896000,200,6000,,0.66,0.68,0.67
1317793144,0,-4370,4902000,200,6000,,0.66,0.69,0.67
1317793174,0,-4370,4908000,200,6000,,0.66,0.68,0.67
1317793204,0,-4370,4914000,200,6000,,0.66,0.68,0.67
1317793234,0,-4370,4920000,200,6000,,0.66,0.68,0.67
1317793264,0,-4370,4926000,200,6000,,0.66,0.68,0.67
1317793294,0,-4370,4932000,200,6000,,0.66,0.68,0.67
1317793324,0,-4370,4938000,200,6000,,0.66,0.69,0.67
1317793354,0,-4370,4944000,200,6000,,0.66,0.69,0.67
1317793384,0,-4370,4950000,200,6000,,0.66,0.68,0.67
1317793414,0,-4370,4956000,200,6000,,0.66,0.68,0.67
1317793444,0,-4370,4962000,200,6000,,0.66,0.68,0.67
1317793474,0,-4370,4968000,200,6000,,0.66,0.68,0.67
1317793504,0,-4370,4974000,200,6000,,0.23,0.68,0.53
1317793534,0,-4370,4980000,200,6000,,0.23,0.26,0.24
1317793564,0,-4370,4986000,200,6000,,0.23,0.25,0.24
1317793594,0,-4370,4992000,200,6000,,0.23,0.25,0.24
1317793624,0,-4370,4998000,200,6000,,0.23,0.25,0.24
1317793654,0,-4370,5004000,200,6000,,0.23,0.25,0.24
1317793684,0,-4370,5010000,200,6000,,0.23,0.25,0.24
1317793714,0,-4370,5016000,200,6000,,0.23,0.25,0.24
1317793744,0,-4370,5022000,200,6000,,0.23,0.25,0.24
1317793774,0,-4370,5028000,200,6000,,0.23,0.25,0.24
1317793804,0,-4370,5034000,200,6000,,0.23,0.26,0.24
1317793834,0,-4370,5040000,200,6000,,0.23,0.25,0.24
1317793864,0,-4370,5046000,200,6000,,0.23,0.25,0.24
1317793894,0,-4370,5052000,200,6000,,0.23,0.26,0.24
1317793924,0,-4370,5058000,200,6000,,0.23,0.25,0.24
1317793954,0,-4370,5064000,200,6000,,0.23,0.25,0.24
1317793984,0,-4370,5070000,200,6000,,0.23,0.25,0.24
1317794014,0,-4370,5076000,200,6000,,0.23,0.25,0.24
1317794044,0,-4370,5082000,200,6000,,0.23,0.25,0.24
1317794074,0,-4370,5088000,200,6000,,0.23,0.26,0.24
1317794104,0,-4370,5094000,200,6000,,0.23,0.25,0.24
1317794134,0,-4370,5100000,200,6000,,0.23,0.25,0.24
1317794164,0,-4370,5106000,200,6000,,0.23,0.25,0.24
1317794194,0,-4370,5112000,200,6000,,0.23,0.68,0.34
1317794224,0,-4370,5118000,200,6000,,0.23,0.68,0.33
1317794254,0,-4370,5124000,200,6000,,0.23,0.25,0.24
1317794284,0,-4370,5130000,200,6000,,0.23,0.26,0.24
1317794314,0,-4370,5136000,200,6000,,0.23,0.25,0.24
1317794344,0,-4370,5142000,200,6000,,0.23,0.25,0.24
1317794374,0,-4370,5148000,200,6000,,0.23,0.25,0.24
1317794404,0,-4370,5154000,200,6000,,0.23,0.25,0.24
1317794434,0,-4370,5160000,200,6000,,0.23,0.25,0.24
1317794464,0,-4370,5166000,200,6000,,0.23,0.25,0.24
1317794494,0,-4370,5172000,200,6000,,0.23,0.25,0.24
1317794524,0,-4370,5178000,200,6000,,0.23,0.25,0.24
1317794554,0,-4370,5184000,200,6000,,0.23,0.26,0.24
1317794584,0,-4370,5190000,200,6000,,0.23,0.25,0.24
1317794614,0,-4370,5196000,200,6000,,0.23,0.25,0.24
1317794644,0,-4370,5202000,200,6000,,0.23,0.26,0.24
1317794674,0,-4370,5208000,200,6000,,0.23,0.25,0.24
1317794704,0,-4370,5214000,200,6000,,0.23,0.25,0.24
1317794734,0,-4370,5220000,200,6000,,0.23,0.25,0.24
1317794764,0,-4370,5226000,200,6000,,0.23,0.25,0.24
1317794794,0,-4370,5232000,200,6000,,0.23,0.25,0.24
1317794824,0,-4370,5238000,200,6000,,0.23,0.25,0.24
1317794854,0,-4370,5244000,200,6000,,0.23,0.25,0.24
1317794884,0,-4370,5250000,200,6000,,0.23,0.25,0.24
1317794914,0,-4370,5256000,200,6000,,0.23,0.26,0.24
1317794944,0,-4370,5262000,200,6000,,0.23,0.25,0.24
1317794974,0,-4370,5268000,200,6000,,0.23,0.25,0.24
1317795004,0,-4370,5274000,200,6000,,0.23,0.25,0.24
1317795034,0,-4370,5280000,200,6000,,0.23,0.26,0.24
1317795064,0,-4370,5286000,200,6000,,0.23,0.25,0.24
1317795094,0,-4370,5292000,200,6000,,0.23,0.26,0.24
1317795124,0,-4370,5298000,200,6000,,0.23,0.26,0.24
1317795154,0,-4370,5304000,200,6000,,0.23,0.25,0.24
1317795184,0,-4370,5310000,200,6000,,0.23,0.25,0.24
1317795214,0,-4370,5316000,200,6000,,0.23,0.26,0.24
1317795244,0,-4370,5322000,200,6000,,0.23,0.25,0.24
1317795274,0,-4370,5328000,200,6000,,0.23,0.25,0.24
1317795304,0,-4370,5334000,200,6000,,0.23,0.26,0.24
1317795334,0,-4370,5340000,200,6000,,0.23,0.25,0.24
1317795364,0,-4370,5346000,200,6000,,0.23,0.25,0.24
1317795394,0,-4370,5352000,200,6000,,0.02,0.38,0.24
1317795424,0,-4370,5358000,200,6000,,0.23,0.25,0.24
1317795454,0,-4370,5364000,200,6000,,0.23,0.25,0.24
1317795484,0,-4370,5370000,200,6000,,0.23,0.26,0.24
1317795514,0,-4370,5376000,200,6000,,0.23,0.25,0.24
1317795544,0,-4370,5382000,200,6000,,0.23,0.25,0.24
1317795574,0,-4370,5388000,200,6000,,0.23,0.26,0.24
1317795604,0,-4370,5394000,200,6000,,0.23,0.25,0.24
1317795634,0,-4370,5400000,200,6000,,0.23,0.25,0.24
1317795664,0,-4370,5406000,200,6000,,0.23,0.25,0.24
1317795694,0,-4370,5412000,200,6000,,0.23,0.25,0.24
1317795724,0,-4370,5418000,200,6000,,0.23,0.25,0.24
1317795754,0,-4370,5424000,200,6000,,0.23,0.25,0.24
1317795784,0,-4370,5430000,200,6000,,0.23,0.25,0.24
1317795814,0,-4370,5436000,200,6000,,0.23,0.25,0.24
1317795844,0,-4370,5442000,200,6000,,0.23,0.26,0.24
1317795874,0,-4370,5448000,200,6000,,0.23,0.26,0.24
1317795904,0,-4370,5454000,200,6000,,0.23,0.25,0.24
1317795934,0,-4370,5460000,200,6000,,0.23,0.26,0.24
1317795964,0,-4370,5466000,200,6000,,0.23,0.26,0.24
1317795994,0,-4370,5472000,200,6000,,0.23,0.25,0.24
1317796024,0,-4370,5478000,200,6000,,0.23,0.25,0.24
1317796054,0,-4370,5484000,200,6000,,0.23,0.25,0.24
1317796084,0,-4370,5490000,200,6000,,0.23,0.25,0.24
1317796114,0,-4370,5496000,200,6000,,0.23,0.25,0.24
1317796144,0,-4370,5502000,200,6000,,0.23,0.26,0.24
1317796174,0,-4370,5508000,200,6000,,0.23,0.25,0.24
1317796204,0,-4370,5514000,200,6000,,0.23,0.25,0.24
1317796234,0,-4370,5520000,200,6000,,-4.823e-03,0.26,0.24
1317796264,0,-4370,5526000,200,6000,,0.23,0.25,0.24
1317796294,0,-4370,5532000,200,6000,,0.23,0.26,0.24
1317796324,0,-4370,5538000,200,6000,,0.23,0.25,0.24
1317796354,0,-4370,5544000,200,6000,,0.23,0.25,0.24
1317796384,0,-4370,5550000,200,6000,,0.23,0.25,0.24
1317796414,0,-4370,5556000,200,6000,,4.459e-03,0.65,0.25
1317796444,0,-4370,5562000,200,6000,,0.23,0.25,0.24
1317796474,0,-4370,5568000,200,6200,,-8.918e-03,1.01,0.25
