1312241259,0,-4370,0,200,6000,,-0.01,3.64e-03,-7.375793e-03
1312241289,0,-4370,6000,200,6000,,-0.01,4.368e-03,-7.352148e-03
1312241319,0,-4370,12000,200,6000,,-0.01,3.367e-03,-7.33275e-03
1312241349,0,-4370,18000,200,6000,,-0.01,4.732e-03,-7.287887e-03
1312241379,0,-4370,24000,200,6000,,-0.01,4.368e-03,-7.255279e-03
1312241409,0,-4370,30000,200,6000,,-0.01,3.64e-03,-7.266805e-03
1312241439,0,-4370,36000,200,6000,,-0.01,3.64e-03,-7.205865e-03
1312241469,0,-4370,42000,200,6000,,-0.01,4.186e-03,-7.140406e-03
1312241499,0,-4370,48000,200,6000,,-0.01,4.186e-03,-7.112211e-03
1312241529,0,-4370,54000,200,6000,,-0.01,4.368e-03,-7.11711e-03
1312241559,0,-4370,60000,200,6000,,-0.01,4.459e-03,-7.12257e-03
1312241589,0,-4370,66000,200,6000,,-0.01,4.277e-03,-7.108951e-03
1312241619,0,-4370,72000,200,6000,,-0.01,3.822e-03,-7.13035e-03
1312241649,0,-4370,78000,200,6000,,-0.01,3.64e-03,-7.132125e-03
1312241679,0,-4370,84000,200,6000,,-0.01,4.095e-03,-7.134916e-03
1312241709,0,-4370,90000,200,6000,,-0.01,3.822e-03,-7.138268e-03
1312241739,0,-4370,96000,200,6000,,-0.01,3.913e-03,-7.133293e-03
1312241769,0,-4370,102000,200,6000,,-0.01,3.64e-03,-7.128379e-03
1312241799,0,-4370,108000,200,6000,,-0.01,4.186e-03,-7.123996e-03
1312241829,0,-4370,114000,200,6000,,-0.01,4.368e-03,-7.117262e-03
1312241859,0,-4370,120000,200,6000,,-0.01,4.368e-03,-7.108116e-03
1312241889,0,-4370,126000,200,6000,,-0.01,3.64e-03,-7.136554e-03
1312241919,0,-4370,132000,200,6000,,-0.01,3.64e-03,-7.147929e-03
1312241949,0,-4370,138000,200,6000,,-0.01,3.913e-03,-7.149506e-03
1312241979,0,-4370,144000,200,6000,,-0.01,5.005e-03,-7.135598e-03
1312242009,0,-4370,150000,200,6000,,-0.01,5.005e-03,-7.140527e-03
1312242039,0,-4370,156000,200,6000,,-0.01,4.55e-03,-7.142727e-03
1312242069,0,-4370,162000,200,6000,,-0.01,3.822e-03,-7.158803e-03
1312242099,0,-4370,168000,200,6000,,-0.01,4.914e-03,-7.144577e-03
1312242129,0,-4370,174000,200,6000,,-0.01,5.096e-03,-7.141316e-03
1312242159,0,-4370,180000,200,6000,,-0.01,4.277e-03,-7.159546e-03
1312242189,0,-4370,186000,200,6000,,-0.01,4.095e-03,-7.155648e-03
1312242219,0,-4370,192000,200,6000,,-0.01,3.913e-03,-7.186892e-03
1312242249,0,-4370,198000,200,6000,,-0.01,5.005e-03,-7.191867e-03
1312242279,0,-4370,204000,200,6000,,-0.01,4.641e-03,-7.182372e-03
1312242309,0,-4370,210000,200,6000,,-0.01,4.277e-03,-7.192959e-03
1312242339,0,-4370,216000,200,6000,,-0.01,5.278e-03,-7.165052e-03
1312242369,0,-4370,222000,200,6000,,-0.01,4.823e-03,-7.171149e-03
1312242399,0,-4370,228000,200,6000,,-0.01,4.732e-03,-7.169708e-03
1312242429,0,-4370,234000,200,6000,,-0.01,3.64e-03,-7.208383e-03
1312242459,0,-4370,240000,200,6000,,-0.01,4.641e-03,-7.210309e-03
1312242489,0,-4370,246000,200,6000,,-0.01,3.822e-03,-7.224839e-03
1312242519,0,-4370,252000,200,6000,,-0.01,4.459e-03,-7.222321e-03
1312242549,0,-4370,258000,200,6000,,-0.01,4.641e-03,-7.231194e-03
1312242579,0,-4370,264000,200,6000,,-0.01,4.004e-03,-7.224096e-03
1312242609,0,-4370,270000,200,6000,,-0.01,4.641e-03,-7.251714e-03
1312242639,0,-4370,276000,200,6000,,-0.01,4.368e-03,-7.255476e-03
1312242669,0,-4370,282000,200,6000,,-0.01,4.823e-03,-7.258827e-03
1312242699,0,-4370,288000,200,6000,,-0.01,4.368e-03,-7.294818e-03
1312242729,0,-4370,294000,200,6000,,-0.01,4.823e-03,-7.275268e-03
1312242759,0,-4370,300000,200,6000,,-0.01,3.549e-03,-7.277194e-03
1312242789,0,-4370,306000,200,6000,,-0.01,4.641e-03,-7.27683e-03
1312242819,0,-4370,312000,200,6000,,-0.01,3.549e-03,-7.26867e-03
1312242849,0,-4370,318000,200,6000,,-0.01,4.459e-03,-7.302128e-03
1312242879,0,-4370,324000,200,6000,,-0.01,3.913e-03,-7.309014e-03
1312242909,0,-4370,330000,200,6000,,-0.01,3.64e-03,-7.322269e-03
1312242939,0,-4370,336000,200,6000,,-0.01,5.096e-03,-7.323225e-03
1312242969,0,-4370,342000,200,6000,,-0.01,3.731e-03,-7.325758e-03
1312242999,0,-4370,348000,200,6000,,-0.01,4.732e-03,-7.321147e-03
1312243029,0,-4370,354000,200,6000,,-0.01,4.368e-03,-7.294909e-03
1312243059,0,-4370,360000,200,6000,,-0.01,4.914e-03,-7.326274e-03
1312243089,0,-4370,366000,200,6000,,-0.01,4.641e-03,-7.305874e-03
1312243119,0,-4370,372000,200,6000,,-0.01,3.64e-03,-7.31684e-03
1312243149,0,-4370,378000,200,6000,,-0.01,4.004e-03,-7.320783e-03
1312243179,0,-4370,384000,200,6000,,-0.01,5.005e-03,-7.318387e-03
1312243209,0,-4370,390000,200,6000,,-0.01,4.732e-03,-7.348902e-03
1312243239,0,-4370,396000,200,6000,,-0.01,3.64e-03,-7.36049e-03
1312243269,0,-4370,402000,200,6000,,-0.01,4.914e-03,-7.361096e-03
1312243299,0,-4370,408000,200,6000,,-0.01,4.459e-03,-7.391763e-03
1312243329,0,-4370,414000,200,6000,,-0.01,3.64e-03,-7.390019e-03
1312243359,0,-4370,420000,200,6000,,-0.01,4.459e-03,-7.411844e-03
1312243389,0,-4370,426000,200,6000,,-0.01,4.641e-03,-7.392552e-03
1312243419,0,-4370,432000,200,6000,,-0.01,4.732e-03,-7.351147e-03
1312243449,0,-4370,438000,200,6000,,-0.01,4.459e-03,-7.360307e-03
1312243479,0,-4370,444000,200,6000,,-0.01,4.914e-03,-7.358882e-03
1312243509,0,-4370,450000,200,6000,,-0.01,4.914e-03,-7.382133e-03
1312243539,0,-4370,456000,200,6000,,-0.01,4.914e-03,-7.382284e-03
1312243569,0,-4370,462000,200,6000,,-0.01,4.368e-03,-7.392507e-03
1312243599,0,-4370,468000,200,6000,,-0.01,4.004e-03,-7.396177e-03
1312243629,0,-4370,474000,200,6000,,-0.01,4.368e-03,-7.419579e-03
1312243659,0,-4370,480000,200,6000,,-0.01,3.367e-03,-7.448775e-03
1312243689,0,-4370,486000,200,6000,,-0.01,3.731e-03,-7.451854e-03
1312243719,0,-4370,492000,200,6000,,-0.01,4.641e-03,-7.440843e-03
1312243749,0,-4370,498000,200,6000,,-0.01,4.277e-03,-7.394721e-03
1312243779,0,-4370,504000,200,6000,,-0.01,4.368e-03,-7.4138e-03
1312243809,0,-4370,510000,200,6000,,-0.01,3.64e-03,-7.39968e-03
1312243839,0,-4370,516000,200,6000,,-0.01,3.276e-03,-7.419579e-03
1312243869,0,-4370,522000,200,6000,,-0.01,4.732e-03,-7.4315e-03
1312243899,0,-4370,528000,200,6000,,-0.01,4.186e-03,-7.426995e-03
1312243929,0,-4370,534000,200,6000,,-0.01,3.458e-03,-7.429877e-03
1312243959,0,-4370,540000,200,6000,,-0.01,4.186e-03,-7.468886e-03
1312243989,0,-4370,546000,200,6000,,-0.01,3.731e-03,-7.453583e-03
1312244019,0,-4370,552000,200,6000,,-0.01,4.914e-03,-7.463168e-03
1312244049,0,-4370,558000,200,6000,,-0.01,3.822e-03,-7.480898e-03
1312244079,0,-4370,564000,200,6000,,-0.01,3.367e-03,-7.46291e-03
1312244109,0,-4370,570000,200,6000,,-0.01,4.368e-03,-7.439796e-03
1312244139,0,-4370,576000,200,6000,,-0.01,4.459e-03,-7.428876e-03
1312244169,0,-4370,582000,200,6000,,-0.01,4.186e-03,-7.431318e-03
1312244199,0,-4370,588000,200,6000,,-0.01,3.913e-03,-7.456692e-03
1312244229,0,-4370,594000,200,6000,,-0.01,4.186e-03,-7.504436e-03
1312244259,0,-4370,600000,200,6000,,-0.01,4.368e-03,-7.531509e-03
1312244289,0,-4370,606000,200,6000,,-0.01,3.64e-03,-7.519209e-03
1312244319,0,-4370,612000,200,6000,,-0.01,3.64e-03,-7.405049e-03
1312244349,0,-4370,618000,200,6000,,-0.01,4.55e-03,-7.402258e-03
1312244379,0,-4370,624000,200,6000,,-0.01,3.549e-03,-7.508622e-03
1312244409,0,-4370,630000,200,6000,,-0.01,4.368e-03,-7.558066e-03
1312244439,0,-4370,636000,200,6000,,-0.01,4.368e-03,-7.551741e-03
1312244469,0,-4370,642000,200,6000,,-0.01,4.368e-03,-7.369559e-03
1312244499,0,-4370,648000,200,6000,,-0.01,4.368e-03,-7.448699e-03
1312244529,0,-4370,654000,200,6000,,-0.01,3.458e-03,-7.534664e-03
1312244559,0,-4370,660000,200,6000,,-0.01,3.185e-03,-7.591099e-03
1312244589,0,-4370,666000,200,6000,,-0.01,3.731e-03,-7.406171e-03
1312244619,0,-4370,672000,200,6000,,-0.01,4.459e-03,-7.433229e-03
1312244649,0,-4370,678000,200,6000,,-0.01,4.186e-03,-7.552378e-03
1312244679,0,-4370,684000,200,6000,,-0.01,3.549e-03,-7.631002e-03
1312244709,0,-4370,690000,200,6000,,-0.01,3.64e-03,-7.418745e-03
1312244739,0,-4370,696000,200,6000,,-0.01,4.004e-03,-7.417926e-03
1312244769,0,-4370,702000,200,6000,,-0.01,4.368e-03,-7.554168e-03
1312244799,0,-4370,708000,200,6000,,-0.01,4.277e-03,-7.636675e-03
1312244829,0,-4370,714000,200,6000,,-0.01,4.732e-03,-7.424538e-03
1312244859,0,-4370,720000,200,6000,,-0.01,3.64e-03,-7.466323e-03
1312244889,0,-4370,726000,200,6000,,-0.01,4.368e-03,-7.557095e-03
1312244919,0,-4370,732000,200,6000,,-0.01,3.185e-03,-7.629637e-03
1312244949,0,-4370,738000,200,6000,,-0.01,3.458e-03,-7.425176e-03
1312244979,0,-4370,744000,200,6000,,-0.01,4.641e-03,-7.458148e-03
1312245009,0,-4370,750000,200,6000,,-0.01,3.913e-03,-7.579011e-03
1312245039,0,-4370,756000,200,6000,,-0.01,3.094e-03,-7.636523e-03
1312245069,0,-4370,762000,200,6000,,-0.01,3.64e-03,-7.386076e-03
1312245099,0,-4370,768000,200,6000,,-0.01,3.913e-03,-7.44289e-03
1312245129,0,-4370,774000,200,6000,,-0.01,4.459e-03,-7.563435e-03
1312245159,0,-4370,780000,200,6000,,-0.01,3.731e-03,-7.592236e-03
1312245189,0,-4370,786000,200,6000,,-0.01,4.55e-03,-7.378083e-03
1312245219,0,-4370,792000,200,6000,,-0.01,4.55e-03,-7.474831e-03
1312245249,0,-4370,798000,200,6000,,-0.01,4.004e-03,-7.58074e-03
1312245279,0,-4370,804000,200,6000,,-0.01,3.003e-03,-7.607388e-03
1312245309,0,-4370,810000,200,6000,,-0.01,4.095e-03,-7.418957e-03
1312245339,0,-4370,816000,200,6000,,-0.01,3.276e-03,-7.50295e-03
1312245369,0,-4370,822000,200,6000,,-0.01,4.004e-03,-7.62991e-03
1312245399,0,-4370,828000,200,6000,,-0.01,3.185e-03,-7.591523e-03
1312245429,0,-4370,834000,200,6000,,-0.01,3.367e-03,-7.410615e-03
1312245459,0,-4370,840000,200,6000,,-0.01,4.277e-03,-7.503375e-03
1312245489,0,-4370,846000,200,6000,,-0.01,3.185e-03,-7.635992e-03
1312245519,0,-4370,852000,200,6000,,-0.01,2.912e-03,-7.612363e-03
1312245549,0,-4370,858000,200,6000,,-0.01,3.731e-03,-7.430969e-03
1312245579,0,-4370,864000,200,6000,,-0.01,3.549e-03,-7.552348e-03
1312245609,0,-4370,870000,200,6000,,-0.01,3.458e-03,-7.655163e-03
1312245639,0,-4370,876000,200,6000,,-0.01,2.73e-03,-7.614486e-03
1312245669,0,-4370,882000,200,6000,,-0.01,3.549e-03,-7.418775e-03
1312245699,0,-4370,888000,200,6000,,-0.01,3.458e-03,-7.535285e-03
1312245729,0,-4370,894000,200,6000,,-0.01,4.368e-03,-7.643681e-03
1312245759,0,-4370,900000,200,6000,,-0.01,3.458e-03,-7.644319e-03
1312245789,0,-4370,906000,200,6000,,-0.01,3.185e-03,-7.439114e-03
1312245819,0,-4370,912000,200,6000,,-0.01,4.368e-03,-7.530993e-03
1312245849,0,-4370,918000,200,6000,,-0.01,3.64e-03,-7.635689e-03
1312245879,0,-4370,924000,200,6000,,-0.01,2.821e-03,-7.63358e-03
1312245909,0,-4370,930000,200,6000,,-0.01,3.185e-03,-7.434548e-03
1312245939,0,-4370,936000,200,6000,,-0.01,4.641e-03,-7.522561e-03
1312245969,0,-4370,942000,200,6000,,-0.01,4.368e-03,-7.628181e-03
1312245999,0,-4370,948000,200,6000,,-0.01,3.549e-03,-7.639435e-03
1312246029,0,-4370,954000,200,6000,,-0.01,3.367e-03,-7.45701e-03
1312246059,0,-4370,960000,200,6000,,-0.01,4.368e-03,-7.499295e-03
1312246089,0,-4370,966000,200,6000,,-0.01,4.368e-03,-7.621098e-03
1312246119,0,-4370,972000,200,6000,,-0.01,3.64e-03,-7.644394e-03
1312246149,0,-4370,978000,200,6000,,-0.01,3.549e-03,-7.468309e-03
1312246179,0,-4370,984000,200,6000,,-0.01,4.368e-03,-7.499113e-03
1312246209,0,-4370,990000,200,6000,,-0.01,3.913e-03,-7.603642e-03
1312246239,0,-4370,996000,200,6000,,-0.01,4.277e-03,-7.698024e-03
1312246269,0,-4370,1002000,200,6000,,-0.01,4.368e-03,-7.509108e-03
1312246299,0,-4370,1008000,200,6000,,-0.01,4.459e-03,-7.50929e-03
1312246329,0,-4370,1014000,200,6000,,-0.01,3.64e-03,-7.624617e-03
1312246359,0,-4370,1020000,200,6000,,-0.01,3.094e-03,-7.697645e-03
1312246389,0,-4370,1026000,200,6000,,-0.01,3.458e-03,-7.583364e-03
1312246419,0,-4370,1032000,200,6000,,-0.01,3.276e-03,-7.459528e-03
1312246449,0,-4370,1038000,200,6000,,-0.01,3.367e-03,-7.587853e-03
1312246479,0,-4370,1044000,200,6000,,-0.01,3.64e-03,-7.680218e-03
1312246509,0,-4370,1050000,200,6000,,-0.01,3.185e-03,-7.638995e-03
1312246539,0,-4370,1056000,200,6000,,-0.01,4.004e-03,-7.466186e-03
1312246569,0,-4370,1062000,200,6000,,-0.01,4.186e-03,-7.547434e-03
1312246599,0,-4370,1068000,200,6000,,-0.01,3.913e-03,-7.638328e-03
1312246629,0,-4370,1074000,200,6000,,-0.01,2.912e-03,-7.691229e-03
1312246659,0,-4370,1080000,200,6000,,-0.01,4.277e-03,-7.489224e-03
1312246689,0,-4370,1086000,200,6000,,-0.01,4.368e-03,-7.523531e-03
1312246719,0,-4370,1092000,200,6000,,-0.01,4.641e-03,-7.629637e-03
1312246749,0,-4370,1098000,200,6000,,-0.01,3.003e-03,-7.688742e-03
1312246779,0,-4370,1104000,200,6000,,-0.01,3.276e-03,-7.528445e-03
1312246809,0,-4370,1110000,200,6000,,-0.01,4.277e-03,-7.493471e-03
1312246839,0,-4370,1116000,200,6000,,-0.01,3.549e-03,-7.605795e-03
1312246869,0,-4370,1122000,200,6000,,-0.01,4.004e-03,-7.67811e-03
1312246899,0,-4370,1128000,200,6000,,-0.01,3.822e-03,-7.604612e-03
1312246929,0,-4370,1134000,200,6000,,-0.01,4.732e-03,-7.476166e-03
1312246959,0,-4370,1140000,200,6000,,-0.01,4.368e-03,-7.555351e-03
1312246989,0,-4370,1146000,200,6000,,-0.01,4.368e-03,-7.660987e-03
1312247019,0,-4370,1152000,200,6000,,-0.01,3.731e-03,-7.684814e-03
1312247049,0,-4370,1158000,200,6000,,-0.01,4.459e-03,-7.534421e-03
1312247079,0,-4370,1164000,200,6000,,-0.01,4.368e-03,-7.527732e-03
1312247109,0,-4370,1170000,200,6000,,-0.01,4.459e-03,-7.657847e-03
1312247139,0,-4370,1176000,200,6000,,-0.01,3.549e-03,-7.707427e-03
1312247169,0,-4370,1182000,200,6000,,-0.01,4.368e-03,-7.602747e-03
1312247199,0,-4370,1188000,200,6000,,-0.01,4.459e-03,-7.481838e-03
1312247229,0,-4370,1194000,200,6000,,-0.01,4.277e-03,-7.582651e-03
1312247259,0,-4370,1200000,200,6000,,-0.01,4.277e-03,-7.674895e-03
1312247289,0,-4370,1206000,200,6000,,-0.01,2.912e-03,-7.679384e-03
1312247319,0,-4370,1212000,200,6000,,-0.01,3.367e-03,-7.502101e-03
1312247349,0,-4370,1218000,200,6000,,-0.01,4.732e-03,-7.548496e-03
1312247379,0,-4370,1224000,200,6000,,-0.01,4.641e-03,-7.64309e-03
1312247409,0,-4370,1230000,200,6000,,-0.01,4.277e-03,-7.729494e-03
1312247439,0,-4370,1236000,200,6000,,-0.01,4.368e-03,-7.597575e-03
1312247469,0,-4370,1242000,200,6000,,-0.01,4.186e-03,-7.517829e-03
1312247499,0,-4370,1248000,200,6000,,-0.01,4.459e-03,-7.605856e-03
1312247529,0,-4370,1254000,200,6000,,-0.01,3.185e-03,-7.691259e-03
1312247559,0,-4370,1260000,200,6000,,-0.01,3.003e-03,-7.686876e-03
1312247589,0,-4370,1266000,200,6000,,-0.01,4.186e-03,-7.491545e-03
1312247619,0,-4370,1272000,200,6000,,-0.01,3.822e-03,-7.55482e-03
1312247649,0,-4370,1278000,200,6000,,-0.01,4.459e-03,-7.65947e-03
1312247679,0,-4370,1284000,200,6000,,-0.01,4.277e-03,-7.721562e-03
1312247709,0,-4370,1290000,200,6000,,-0.01,4.55e-03,-7.597196e-03
1312247739,0,-4370,1296000,200,6000,,-0.01,3.731e-03,-7.522576e-03
1312247769,0,-4370,1302000,200,6000,,-0.01,4.459e-03,-7.611559e-03
1312247799,0,-4370,1308000,200,6000,,-0.01,3.094e-03,-7.687134e-03
1312247829,0,-4370,1314000,200,6000,,-0.01,3.549e-03,-7.693064e-03
1312247859,0,-4370,1320000,200,6000,,-0.01,3.549e-03,-7.556898e-03
1312247889,0,-4370,1326000,200,6000,,-0.01,3.276e-03,-7.573308e-03
1312247919,0,-4370,1332000,200,6000,,-0.01,3.549e-03,-7.646806e-03
1312247949,0,-4370,1338000,200,6000,,-0.01,3.64e-03,-7.713615e-03
1312247979,0,-4370,1344000,200,6000,,-0.01,3.822e-03,-7.629561e-03
1312248009,0,-4370,1350000,200,6000,,-0.01,4.004e-03,-7.506969e-03
1312248039,0,-4370,1356000,200,6000,,-0.01,3.913e-03,-7.610193e-03
1312248069,0,-4370,1362000,200,6000,,-0.01,4.459e-03,-7.708656e-03
1312248099,0,-4370,1368000,200,6000,,-0.01,3.276e-03,-7.701679e-03
1312248129,0,-4370,1374000,200,6000,,-0.01,3.549e-03,-7.549102e-03
1312248159,0,-4370,1380000,200,6000,,-0.01,3.276e-03,-7.52567e-03
1312248189,0,-4370,1386000,200,6000,,-0.01,4.095e-03,-7.655117e-03
1312248219,0,-4370,1392000,200,6000,,-0.01,4.459e-03,-7.718332e-03
1312248249,0,-4370,1398000,200,6000,,-0.01,4.55e-03,-7.637767e-03
1312248279,0,-4370,1404000,200,6000,,-0.01,3.731e-03,-7.501964e-03
1312248309,0,-4370,1410000,200,6000,,-0.01,3.549e-03,-7.56577e-03
1312248339,0,-4370,1416000,200,6000,,-0.01,4.368e-03,-7.674591e-03
1312248369,0,-4370,1422000,200,6000,,-0.01,3.276e-03,-7.708732e-03
1312248399,0,-4370,1428000,200,6000,,-0.01,3.458e-03,-7.576827e-03
1312248429,0,-4370,1434000,200,6000,,-0.01,3.64e-03,-7.514174e-03
1312248459,0,-4370,1440000,200,6000,,-0.01,4.277e-03,-7.621493e-03
1312248489,0,-4370,1446000,200,6000,,-0.01,4.641e-03,-7.680431e-03
1312248519,0,-4370,1452000,200,6000,,-0.01,3.913e-03,-7.674879e-03
1312248549,0,-4370,1458000,200,6000,,-0.01,3.276e-03,-7.521681e-03
1312248579,0,-4370,1464000,200,6000,,-0.01,4.641e-03,-7.549724e-03
1312248609,0,-4370,1470000,200,6000,,-0.01,4.641e-03,-7.648307e-03
1312248639,0,-4370,1476000,200,6000,,-0.01,3.367e-03,-7.70312e-03
1312248669,0,-4370,1482000,200,6000,,-0.01,3.549e-03,-7.628227e-03
1312248699,0,-4370,1488000,200,6000,,-0.01,3.094e-03,-7.516448e-03
1312248729,0,-4370,1494000,200,6000,,-0.01,3.64e-03,-7.578541e-03
1312248759,0,-4370,1500000,200,6000,,-0.01,4.368e-03,-7.670087e-03
1312248789,0,-4370,1506000,200,6000,,-0.01,3.185e-03,-7.706729e-03
1312248819,0,-4370,1512000,200,6000,,-0.01,3.276e-03,-7.56803e-03
1312248849,0,-4370,1518000,200,6000,,-0.01,4.368e-03,-7.507545e-03
1312248879,0,-4370,1524000,200,6000,,-0.01,3.913e-03,-7.600517e-03
1312248909,0,-4370,1530000,200,6000,,-0.01,4.004e-03,-7.698145e-03
1312248939,0,-4370,1536000,200,6000,,-0.01,3.549e-03,-7.704894e-03
1312248969,0,-4370,1542000,200,6000,,-0.01,4.004e-03,-7.545371e-03
1312248999,0,-4370,1548000,200,6000,,-0.01,4.459e-03,-7.55068e-03
1312249029,0,-4370,1554000,200,6000,,-0.01,4.095e-03,-7.661244e-03
1312249059,0,-4370,1560000,200,6000,,-0.01,3.731e-03,-7.717134e-03
1312249089,0,-4370,1566000,200,6000,,-0.01,3.276e-03,-7.680021e-03
1312249119,0,-4370,1572000,200,6000,,-0.01,4.004e-03,-7.536499e-03
1312249149,0,-4370,1578000,200,6000,,-0.01,3.458e-03,-7.567818e-03
1312249179,0,-4370,1584000,200,6000,,-0.01,4.459e-03,-7.64538e-03
1312249209,0,-4370,1590000,200,6000,,-0.01,3.367e-03,-7.735773e-03
1312249239,0,-4370,1596000,200,6000,,-0.01,3.64e-03,-7.654404e-03
1312249269,0,-4370,1602000,200,6000,,-0.01,4.004e-03,-7.550786e-03
1312249299,0,-4370,1608000,200,6000,,-0.01,4.004e-03,-7.618732e-03
1312249329,0,-4370,1614000,200,6000,,-0.01,3.822e-03,-7.695764e-03
1312249359,0,-4370,1620000,200,6000,,-0.01,3.458e-03,-7.732346e-03
1312249389,0,-4370,1626000,200,6000,,-0.01,3.822e-03,-7.630214e-03
1312249419,0,-4370,1632000,200,6000,,-0.01,3.731e-03,-7.53345e-03
1312249449,0,-4370,1638000,200,6000,,-0.01,3.367e-03,-7.619627e-03
1312249479,0,-4370,1644000,200,6000,,-0.01,3.458e-03,-7.676153e-03
1312249509,0,-4370,1650000,200,6000,,-0.01,4.368e-03,-7.746815e-03
1312249539,0,-4370,1656000,200,6000,,-0.01,4.368e-03,-7.599653e-03
1312249569,0,-4370,1662000,200,6000,,-0.01,3.64e-03,-7.576584e-03
1312249599,0,-4370,1668000,200,6000,,-0.01,3.185e-03,-7.648125e-03
1312249629,0,-4370,1674000,200,6000,,-0.01,4.095e-03,-7.692321e-03
1312249659,0,-4370,1680000,200,6000,,-0.01,3.367e-03,-7.729555e-03
1312249689,0,-4370,1686000,200,6000,,-0.01,3.64e-03,-7.56665e-03
1312249719,0,-4370,1692000,200,6000,,-0.01,3.64e-03,-7.576448e-03
1312249749,0,-4370,1698000,200,6000,,-0.01,4.277e-03,-7.644046e-03
1312249779,0,-4370,1704000,200,6000,,-0.01,4.277e-03,-7.696871e-03
1312249809,0,-4370,1710000,200,6000,,-0.01,3.185e-03,-7.702043e-03
1312249839,0,-4370,1716000,200,6000,,-0.01,3.276e-03,-7.541398e-03
1312249869,0,-4370,1722000,200,6000,,-0.01,4.368e-03,-7.548966e-03
1312249899,0,-4370,1728000,200,6000,,-0.01,3.549e-03,-7.646336e-03
1312249929,0,-4370,1734000,200,6000,,-0.01,4.368e-03,-7.711264e-03
1312249959,0,-4370,1740000,200,6000,,-0.01,3.822e-03,-7.690516e-03
1312249989,0,-4370,1746000,200,6000,,-0.01,4.641e-03,-7.521908e-03
1312250019,0,-4370,1752000,200,6000,,-0.01,4.459e-03,-7.569987e-03
1312250049,0,-4370,1758000,200,6000,,-0.01,4.277e-03,-7.634854e-03
1312250079,0,-4370,1764000,200,6000,,-0.01,3.549e-03,-7.716148e-03
1312250109,0,-4370,1770000,200,6000,,-0.01,3.367e-03,-7.669859e-03
1312250139,0,-4370,1776000,200,6000,,-0.01,3.458e-03,-7.51384e-03
1312250169,0,-4370,1782000,200,6000,,-0.01,3.094e-03,-7.572262e-03
1312250199,0,-4370,1788000,200,6000,,-0.01,4.004e-03,-7.655921e-03
1312250229,0,-4370,1794000,200,6000,,-0.01,4.459e-03,-7.716512e-03
1312250259,0,-4370,1800000,200,6000,,-0.01,4.277e-03,-7.67541e-03
1312250289,0,-4370,1806000,200,6000,,-0.01,3.185e-03,-7.543794e-03
1312250319,0,-4370,1812000,200,6000,,-0.01,4.186e-03,-7.594299e-03
1312250349,0,-4370,1818000,200,6000,,-0.01,3.731e-03,-7.654192e-03
1312250379,0,-4370,1824000,200,6000,,-0.01,4.186e-03,-7.694232e-03
1312250409,0,-4370,1830000,200,6000,,-0.01,4.004e-03,-7.675441e-03
1312250439,0,-4370,1836000,200,6000,,-0.01,3.094e-03,-7.514537e-03
1312250469,0,-4370,1842000,200,6000,,-0.01,4.095e-03,-7.567105e-03
1312250499,0,-4370,1848000,200,6000,,-0.01,4.186e-03,-7.644561e-03
1312250529,0,-4370,1854000,200,6000,,-0.01,3.549e-03,-7.705759e-03
1312250559,0,-4370,1860000,200,6000,,-0.01,3.913e-03,-7.696795e-03
1312250589,0,-4370,1866000,200,6000,,-0.01,4.368e-03,-7.541564e-03
1312250619,0,-4370,1872000,200,6000,,-0.01,3.64e-03,-7.566453e-03
1312250649,0,-4370,1878000,200,6000,,-0.01,3.64e-03,-7.629986e-03
1312250679,0,-4370,1884000,200,6000,,-0.01,4.368e-03,-7.693989e-03
1312250709,0,-4370,1890000,200,6000,,-0.01,2.912e-03,-7.708656e-03
1312250739,0,-4370,1896000,200,6000,,-0.01,4.641e-03,-7.55482e-03
1312250769,0,-4370,1902000,200,6000,,-0.01,3.64e-03,-7.581832e-03
1312250799,0,-4370,1908000,200,6000,,-0.01,4.732e-03,-7.66126e-03
1312250829,0,-4370,1914000,200,6000,,-0.01,3.549e-03,-7.693277e-03
1312250859,0,-4370,1920000,200,6000,,-0.01,3.003e-03,-7.700602e-03
1312250889,0,-4370,1926000,200,6000,,-0.01,4.004e-03,-7.562783e-03
1312250919,0,-4370,1932000,200,6000,,-0.01,3.458e-03,-7.54023e-03
1312250949,0,-4370,1938000,200,6000,,-0.01,4.368e-03,-7.613151e-03
1312250979,0,-4370,1944000,200,6000,,-0.01,4.641e-03,-7.659531e-03
1312251009,0,-4370,1950000,200,6000,,-0.01,4.368e-03,-7.682887e-03
1312251039,0,-4370,1956000,200,6000,,-0.01,4.459e-03,-7.553516e-03
1312251069,0,-4370,1962000,200,6000,,-0.01,4.55e-03,-7.552833e-03
1312251099,0,-4370,1968000,200,6000,,-0.01,3.276e-03,-7.625315e-03
1312251129,0,-4370,1974000,200,6000,,-0.01,4.277e-03,-7.672225e-03
1312251159,0,-4370,1980000,200,6000,,-0.01,3.185e-03,-7.702285e-03
1312251189,0,-4370,1986000,200,6000,,-0.01,3.003e-03,-7.56166e-03
1312251219,0,-4370,1992000,200,6000,,-0.01,3.64e-03,-7.51886e-03
1312251249,0,-4370,1998000,200,6000,,-0.01,3.64e-03,-7.607979e-03
1312251279,0,-4370,2004000,200,6000,,-0.01,3.64e-03,-7.666765e-03
1312251309,0,-4370,2010000,200,6000,,-0.01,4.277e-03,-7.715526e-03
1312251339,0,-4370,2016000,200,6000,,-0.01,4.459e-03,-7.588657e-03
1312251369,0,-4370,2022000,200,6000,,-0.01,4.004e-03,-7.542125e-03
1312251399,0,-4370,2028000,200,6000,,-0.01,3.64e-03,-7.590219e-03
1312251429,0,-4370,2034000,200,6000,,-0.01,4.186e-03,-7.683691e-03
1312251459,0,-4370,2040000,200,6000,,-0.01,3.276e-03,-7.718772e-03
1312251489,0,-4370,2046000,200,6000,,-0.01,3.731e-03,-7.643242e-03
1312251519,0,-4370,2052000,200,6000,,-0.01,3.276e-03,-7.534209e-03
1312251549,0,-4370,2058000,200,6000,,-0.01,4.368e-03,-7.575765e-03
1312251579,0,-4370,2064000,200,6000,,-0.01,3.64e-03,-7.664187e-03
1312251609,0,-4370,2070000,200,6000,,-0.01,3.276e-03,-7.73092e-03
1312251639,0,-4370,2076000,200,6000,,-0.01,3.185e-03,-7.658712e-03
1312251669,0,-4370,2082000,200,6000,,-0.01,3.276e-03,-7.545932e-03
1312251699,0,-4370,2088000,200,6000,,-0.01,4.277e-03,-7.604855e-03
1312251729,0,-4370,2094000,200,6000,,-0.01,4.095e-03,-7.673181e-03
1312251759,0,-4370,2100000,200,6000,,-0.01,4.186e-03,-7.722988e-03
1312251789,0,-4370,2106000,200,6000,,-0.01,4.186e-03,-7.678322e-03
1312251819,0,-4370,2112000,200,6000,,-0.01,3.185e-03,-7.53386e-03
1312251849,0,-4370,2118000,200,6000,,-0.01,4.641e-03,-7.579102e-03
1312251879,0,-4370,2124000,200,6000,,-0.01,3.185e-03,-7.669829e-03
1312251909,0,-4370,2130000,200,6000,,-0.01,3.185e-03,-7.692154e-03
1312251939,0,-4370,2136000,200,6000,,-0.01,2.912e-03,-7.668631e-03
1312251969,0,-4370,2142000,200,6000,,-0.01,3.185e-03,-7.538288e-03
1312251999,0,-4370,2148000,200,6000,,-0.01,3.276e-03,-7.556564e-03
1312252029,0,-4370,2154000,200,6000,,-0.01,3.822e-03,-7.636296e-03
1312252059,0,-4370,2160000,200,6000,,-0.01,4.732e-03,-7.70406e-03
1312252089,0,-4370,2166000,200,6000,,-0.01,4.368e-03,-7.684404e-03
1312252119,0,-4370,2172000,200,6000,,-0.01,3.64e-03,-7.536529e-03
1312252149,0,-4370,2178000,200,6000,,-0.01,3.367e-03,-7.565588e-03
1312252179,0,-4370,2184000,200,6000,,-0.01,3.367e-03,-7.658257e-03
1312252209,0,-4370,2190000,200,6000,,-0.01,4.368e-03,-7.706775e-03
1312252239,0,-4370,2196000,200,6000,,-0.01,3.549e-03,-7.707093e-03
1312252269,0,-4370,2202000,200,6000,,-0.01,3.276e-03,-7.554047e-03
1312252299,0,-4370,2208000,200,6000,,-0.01,3.185e-03,-7.562873e-03
1312252329,0,-4370,2214000,200,6000,,-0.01,3.003e-03,-7.647701e-03
1312252359,0,-4370,2220000,200,6000,,-0.01,3.185e-03,-7.700147e-03
1312252389,0,-4370,2226000,200,6000,,-0.01,3.003e-03,-7.713039e-03
1312252419,0,-4370,2232000,200,6000,,-0.01,3.64e-03,-7.553531e-03
1312252449,0,-4370,2238000,200,6000,,-0.01,3.549e-03,-7.549678e-03
1312252479,0,-4370,2244000,200,6000,,-0.01,3.003e-03,-7.634718e-03
1312252509,0,-4370,2250000,200,6000,,-0.01,4.368e-03,-7.689864e-03
1312252539,0,-4370,2256000,200,6000,,-0.01,3.731e-03,-7.703817e-03
1312252569,0,-4370,2262000,200,6000,,-0.01,4.186e-03,-7.562601e-03
1312252599,0,-4370,2268000,200,6000,,-0.01,4.641e-03,-7.526125e-03
1312252629,0,-4370,2274000,200,6000,,-0.01,4.004e-03,-7.60719e-03
1312252659,0,-4370,2280000,200,6000,,-0.01,4.641e-03,-7.669404e-03
1312252689,0,-4370,2286000,200,6000,,-0.01,3.458e-03,-7.714813e-03
1312252719,0,-4370,2292000,200,6000,,-0.01,3.458e-03,-7.592252e-03
1312252749,0,-4370,2298000,200,6000,,-0.01,3.003e-03,-7.558384e-03
1312252779,0,-4370,2304000,200,6000,,-0.01,3.822e-03,-7.616366e-03
1312252809,0,-4370,2310000,200,6000,,-0.01,3.913e-03,-7.6831e-03
1312252839,0,-4370,2316000,200,6000,,-0.01,2.821e-03,-7.710081e-03
1312252869,0,-4370,2322000,200,6000,,-0.01,3.276e-03,-7.592342e-03
1312252899,0,-4370,2328000,200,6000,,-0.01,4.186e-03,-7.529173e-03
1312252929,0,-4370,2334000,200,6000,,-0.01,4.459e-03,-7.610891e-03
1312252959,0,-4370,2340000,200,6000,,-0.01,4.368e-03,-7.674212e-03
1312252989,0,-4370,2346000,200,6000,,-0.01,3.185e-03,-7.744418e-03
1312253019,0,-4370,2352000,200,6000,,-0.01,3.458e-03,-7.617762e-03
1312253049,0,-4370,2358000,200,6000,,-0.01,3.367e-03,-7.524214e-03
1312253079,0,-4370,2364000,200,6000,,-0.01,3.276e-03,-7.620098e-03
1312253109,0,-4370,2370000,200,6000,,-0.01,3.549e-03,-7.682963e-03
1312253139,0,-4370,2376000,200,6000,,-0.01,4.004e-03,-7.727523e-03
1312253169,0,-4370,2382000,200,6000,,-0.01,4.095e-03,-7.622039e-03
1312253199,0,-4370,2388000,200,6000,,-0.01,4.55e-03,-7.522242e-03
1312253229,0,-4370,2394000,200,6000,,-0.01,4.641e-03,-7.601473e-03
1312253259,0,-4370,2400000,200,6000,,-0.01,4.368e-03,-7.710658e-03
1312253289,0,-4370,2406000,200,6000,,-0.01,3.367e-03,-7.741552e-03
1312253319,0,-4370,2412000,200,6000,,-0.01,3.822e-03,-7.606084e-03
1312253349,0,-4370,2418000,200,6000,,-0.01,4.459e-03,-7.52708e-03
1312253379,0,-4370,2424000,200,6000,,-0.01,4.004e-03,-7.588187e-03
1312253409,0,-4370,2430000,200,6000,,-0.01,3.549e-03,-7.675835e-03
1312253439,0,-4370,2436000,200,6000,,-0.01,3.549e-03,-7.712478e-03
1312253469,0,-4370,2442000,200,6000,,-0.01,3.549e-03,-7.620977e-03
1312253499,0,-4370,2448000,200,6000,,-0.01,3.549e-03,-7.538425e-03
1312253529,0,-4370,2454000,200,6000,,-0.01,3.549e-03,-7.611634e-03
1312253559,0,-4370,2460000,200,6000,,-0.01,4.459e-03,-7.661396e-03
1312253589,0,-4370,2466000,200,6000,,-0.01,3.367e-03,-7.711143e-03
1312253619,0,-4370,2472000,200,6000,,-0.01,3.367e-03,-7.622388e-03
1312253649,0,-4370,2478000,200,6000,,-0.01,4.459e-03,-7.538364e-03
1312253679,0,-4370,2484000,200,6000,,-0.01,4.732e-03,-7.596483e-03
1312253709,0,-4370,2490000,200,6000,,-0.01,4.732e-03,-7.660668e-03
1312253739,0,-4370,2496000,200,6000,,-0.01,3.822e-03,-7.717801e-03
1312253769,0,-4370,2502000,200,6000,,-0.01,3.913e-03,-7.624981e-03
1312253799,0,-4370,2508000,200,6000,,-0.01,3.276e-03,-7.535968e-03
1312253829,0,-4370,2514000,200,6000,,-0.01,3.276e-03,-7.604324e-03
1312253859,0,-4370,2520000,200,6000,,-0.01,3.731e-03,-7.681841e-03
1312253889,0,-4370,2526000,200,6000,,-0.01,4.368e-03,-7.738246e-03
1312253919,0,-4370,2532000,200,6000,,-0.01,4.459e-03,-7.614729e-03
1312253949,0,-4370,2538000,200,6000,,-0.01,3.185e-03,-7.5562e-03
1312253979,0,-4370,2544000,200,6000,,-0.01,3.276e-03,-7.607555e-03
1312254009,0,-4370,2550000,200,6000,,-0.01,4.459e-03,-7.684252e-03
1312254039,0,-4370,2556000,200,6000,,-0.01,3.367e-03,-7.709187e-03
1312254069,0,-4370,2562000,200,6000,,-0.01,3.367e-03,-7.616988e-03
1312254099,0,-4370,2568000,200,6000,,-0.01,4.55e-03,-7.558885e-03
1312254129,0,-4370,2574000,200,6000,,-0.01,4.368e-03,-7.625679e-03
1312254159,0,-4370,2580000,200,6000,,-0.01,3.185e-03,-7.718741e-03
1312254189,0,-4370,2586000,200,6000,,-0.01,3.913e-03,-7.740036e-03
1312254219,0,-4370,2592000,200,6000,,-0.01,3.276e-03,-7.61212e-03
1312254249,0,-4370,2598000,200,6000,,-0.01,4.732e-03,-7.546069e-03
1312254279,0,-4370,2604000,200,6000,,-0.01,4.095e-03,-7.63901e-03
1312254309,0,-4370,2610000,200,6000,,-0.01,4.368e-03,-7.692427e-03
1312254339,0,-4370,2616000,200,6000,,-0.01,3.731e-03,-7.732922e-03
1312254369,0,-4370,2622000,200,6000,,-0.01,3.549e-03,-7.574279e-03
1312254399,0,-4370,2628000,200,6000,,-0.01,3.094e-03,-7.553925e-03
1312254429,0,-4370,2634000,200,6000,,-0.01,3.367e-03,-7.628485e-03
1312254459,0,-4370,2640000,200,6000,,-0.01,3.367e-03,-7.706911e-03
1312254489,0,-4370,2646000,200,6000,,-0.01,3.185e-03,-7.745693e-03
1312254519,0,-4370,2652000,200,6000,,-0.01,3.094e-03,-7.56345e-03
1312254549,0,-4370,2658000,200,6000,,-0.01,4.368e-03,-7.568091e-03
1312254579,0,-4370,2664000,200,6000,,-0.01,3.276e-03,-7.6472e-03
1312254609,0,-4370,2670000,200,6000,,-0.01,3.913e-03,-7.701315e-03
1312254639,0,-4370,2676000,200,6000,,-0.01,4.004e-03,-7.710127e-03
1312254669,0,-4370,2682000,200,6000,,-0.01,4.823e-03,-7.54484e-03
1312254699,0,-4370,2688000,200,6000,,-0.01,4.732e-03,-7.564876e-03
1312254729,0,-4370,2694000,200,6000,,-0.01,4.641e-03,-7.668965e-03
1312254759,0,-4370,2700000,200,6000,,-0.01,3.822e-03,-7.706714e-03
1312254789,0,-4370,2706000,200,6000,,-0.01,4.004e-03,-7.685511e-03
1312254819,0,-4370,2712000,200,6000,,-0.01,4.459e-03,-7.536559e-03
1312254849,0,-4370,2718000,200,6000,,-0.01,3.458e-03,-7.571049e-03
1312254879,0,-4370,2724000,200,6000,,-0.01,3.276e-03,-7.651796e-03
1312254909,0,-4370,2730000,200,6000,,-0.01,3.64e-03,-7.700132e-03
1312254939,0,-4370,2736000,200,6000,,-0.01,3.458e-03,-7.67497e-03
1312254969,0,-4370,2742000,200,6000,,-0.01,4.004e-03,-7.526595e-03
1312254999,0,-4370,2748000,200,6000,,-0.01,3.913e-03,-7.555518e-03
1312255029,0,-4370,2754000,200,6000,,-0.01,4.823e-03,-7.642453e-03
1312255059,0,-4370,2760000,200,6000,,-0.01,3.64e-03,-7.693504e-03
1312255089,0,-4370,2766000,200,6000,,-0.01,3.549e-03,-7.624208e-03
1312255119,0,-4370,2772000,200,6000,,-0.01,3.822e-03,-7.507318e-03
1312255149,0,-4370,2778000,200,6000,,-0.01,4.732e-03,-7.5739e-03
1312255179,0,-4370,2784000,200,6000,,-0.01,3.367e-03,-7.652797e-03
1312255209,0,-4370,2790000,200,6000,,-0.01,4.095e-03,-7.715769e-03
1312255239,0,-4370,2796000,200,6000,,-0.01,4.004e-03,-7.659197e-03
1312255269,0,-4370,2802000,200,6000,,-0.01,3.549e-03,-7.520422e-03
1312255299,0,-4370,2808000,200,6000,,-0.01,3.549e-03,-7.601913e-03
1312255329,0,-4370,2814000,200,6000,,-0.01,4.641e-03,-7.688969e-03
1312255359,0,-4370,2820000,200,6000,,-0.01,4.004e-03,-7.734242e-03
1312255389,0,-4370,2826000,200,6000,,-0.01,4.095e-03,-7.618611e-03
1312255419,0,-4370,2832000,200,6000,,-0.01,3.64e-03,-7.520983e-03
1312255449,0,-4370,2838000,200,6000,,-0.01,3.003e-03,-7.594375e-03
1312255479,0,-4370,2844000,200,6000,,-0.01,3.913e-03,-7.640739e-03
1312255509,0,-4370,2850000,200,6000,,-0.01,4.095e-03,-7.717012e-03
1312255539,0,-4370,2856000,200,6000,,-0.01,4.186e-03,-7.583531e-03
1312255569,0,-4370,2862000,200,6000,,-0.01,3.367e-03,-7.527869e-03
1312255599,0,-4370,2868000,200,6000,,-0.01,3.367e-03,-7.586792e-03
1312255629,0,-4370,2874000,200,6000,,-0.01,3.185e-03,-7.675122e-03
1312255659,0,-4370,2880000,200,6000,,-0.01,3.003e-03,-7.704606e-03
1312255689,0,-4370,2886000,200,6000,,-0.01,3.64e-03,-7.59621e-03
1312255719,0,-4370,2892000,200,6000,,-0.01,3.276e-03,-7.519755e-03
1312255749,0,-4370,2898000,200,6000,,-0.01,3.185e-03,-7.615835e-03
1312255779,0,-4370,2904000,200,6000,,-0.01,3.276e-03,-7.690926e-03
1312255809,0,-4370,2910000,200,6000,,-0.01,3.549e-03,-7.734439e-03
1312255839,0,-4370,2916000,200,6000,,-0.01,4.004e-03,-7.594951e-03
1312255869,0,-4370,2922000,200,6000,,-0.01,4.459e-03,-7.538546e-03
1312255899,0,-4370,2928000,200,6000,,-0.01,4.641e-03,-7.607888e-03
1312255929,0,-4370,2934000,200,6000,,-0.01,4.641e-03,-7.679718e-03
1312255959,0,-4370,2940000,200,6000,,-0.01,4.368e-03,-7.712022e-03
1312255989,0,-4370,2946000,200,6000,,-0.01,4.55e-03,-7.564087e-03
1312256019,0,-4370,2952000,200,6000,,-0.01,4.368e-03,-7.547176e-03
1312256049,0,-4370,2958000,200,6000,,-0.01,4.368e-03,-7.602974e-03
1312256079,0,-4370,2964000,200,6000,,-0.01,4.368e-03,-7.686846e-03
1312256109,0,-4370,2970000,200,6000,,-0.01,2.821e-03,-7.732528e-03
1312256139,0,-4370,2976000,200,6000,,-0.01,3.549e-03,-7.583591e-03
1312256169,0,-4370,2982000,200,6000,,-0.01,4.368e-03,-7.569168e-03
1312256199,0,-4370,2988000,200,6000,,-0.01,3.276e-03,-7.629486e-03
1312256229,0,-4370,2994000,200,6000,,-0.01,3.549e-03,-7.6809e-03
1312256259,0,-4370,3000000,200,6000,,-0.01,3.64e-03,-7.684601e-03
1312256289,0,-4370,3006000,200,6000,,-0.01,4.368e-03,-7.559795e-03
1312256319,0,-4370,3012000,200,6000,,-0.01,4.459e-03,-7.529492e-03
1312256349,0,-4370,3018000,200,6000,,-0.01,4.55e-03,-7.611316e-03
1312256379,0,-4370,3024000,200,6000,,-0.01,3.913e-03,-7.679339e-03
1312256409,0,-4370,3030000,200,6000,,-0.01,4.004e-03,-7.704819e-03
1312256439,0,-4370,3036000,200,6000,,-0.01,4.277e-03,-7.559552e-03
1312256469,0,-4370,3042000,200,6000,,-0.01,3.913e-03,-7.52705e-03
1312256499,0,-4370,3048000,200,6000,,-0.01,4.914e-03,-7.60854e-03
1312256529,0,-4370,3054000,200,6000,,-0.01,4.368e-03,-7.69041e-03
1312256559,0,-4370,3060000,200,6000,,-0.01,2.912e-03,-7.70996e-03
1312256589,0,-4370,3066000,200,6000,,-0.01,3.276e-03,-7.544143e-03
1312256619,0,-4370,3072000,200,6000,,-0.01,4.277e-03,-7.545887e-03
1312256649,0,-4370,3078000,200,6000,,-0.01,3.64e-03,-7.628151e-03
1312256679,0,-4370,3084000,200,6000,,-0.01,3.64e-03,-7.691851e-03
1312256709,0,-4370,3090000,200,6000,,-0.01,3.549e-03,-7.720046e-03
1312256739,0,-4370,3096000,200,6000,,-0.01,3.913e-03,-7.551741e-03
1312256769,0,-4370,3102000,200,6000,,-0.01,3.185e-03,-7.569547e-03
1312256799,0,-4370,3108000,200,6000,,-0.01,3.549e-03,-7.646351e-03
1312256829,0,-4370,3114000,200,6000,,-0.01,4.641e-03,-7.685815e-03
1312256859,0,-4370,3120000,200,6000,,-0.01,3.003e-03,-7.67814e-03
1312256889,0,-4370,3126000,200,6000,,-0.01,3.276e-03,-7.535877e-03
1312256919,0,-4370,3132000,200,6000,,-0.01,4.277e-03,-7.545523e-03
1312256949,0,-4370,3138000,200,6000,,-0.01,4.459e-03,-7.625117e-03
1312256979,0,-4370,3144000,200,6000,,-0.01,4.186e-03,-7.690364e-03
1312257009,0,-4370,3150000,200,6000,,-0.01,3.458e-03,-7.673636e-03
1312257039,0,-4370,3156000,200,6000,,-0.01,4.186e-03,-7.524729e-03
1312257069,0,-4370,3162000,200,6000,,-0.01,4.368e-03,-7.542596e-03
1312257099,0,-4370,3168000,200,6000,,-0.01,3.549e-03,-7.635825e-03
1312257129,0,-4370,3174000,200,6000,,-0.01,4.186e-03,-7.687089e-03
1312257159,0,-4370,3180000,200,6000,,-0.01,3.64e-03,-7.677139e-03
1312257189,0,-4370,3186000,200,6000,,-0.01,4.004e-03,-7.532009e-03
1312257219,0,-4370,3192000,200,6000,,-0.01,3.276e-03,-7.546767e-03
1312257249,0,-4370,3198000,200,6000,,-0.01,3.276e-03,-7.650355e-03
1312257279,0,-4370,3204000,200,6000,,-0.01,4.004e-03,-7.703484e-03
1312257309,0,-4370,3210000,200,6000,,-0.01,3.64e-03,-7.662397e-03
1312257339,0,-4370,3216000,200,6000,,-0.01,4.004e-03,-7.535255e-03
1312257369,0,-4370,3222000,200,6000,,-0.01,4.277e-03,-7.558399e-03
1312257399,0,-4370,3228000,200,6000,,-0.01,4.641e-03,-7.645972e-03
1312257429,0,-4370,3234000,200,6000,,-0.01,4.368e-03,-7.71545e-03
1312257459,0,-4370,3240000,200,6000,,-0.01,4.368e-03,-7.650325e-03
1312257489,0,-4370,3246000,200,6000,,-0.01,4.277e-03,-7.521377e-03
1312257519,0,-4370,3252000,200,6000,,-0.01,3.913e-03,-7.561781e-03
1312257549,0,-4370,3258000,200,6000,,-0.01,3.64e-03,-7.660441e-03
1312257579,0,-4370,3264000,200,6000,,-0.01,3.549e-03,-7.710127e-03
1312257609,0,-4370,3270000,200,6000,,-0.01,3.731e-03,-7.622403e-03
1312257639,0,-4370,3276000,200,6000,,-0.01,3.731e-03,-7.510003e-03
1312257669,0,-4370,3282000,200,6000,,-0.01,4.186e-03,-7.572231e-03
1312257699,0,-4370,3288000,200,6000,,-0.01,3.367e-03,-7.654025e-03
1312257729,0,-4370,3294000,200,6000,,-0.01,3.549e-03,-7.705516e-03
1312257759,0,-4370,3300000,200,6000,,-0.01,3.003e-03,-7.629046e-03
1312257789,0,-4370,3306000,200,6000,,-0.01,3.549e-03,-7.513233e-03
1312257819,0,-4370,3312000,200,6000,,-0.01,3.549e-03,-7.596149e-03
1312257849,0,-4370,3318000,200,6000,,-0.01,3.64e-03,-7.67174e-03
1312257879,0,-4370,3324000,200,6000,,-0.01,3.64e-03,-7.730678e-03
1312257909,0,-4370,3330000,200,6000,,-0.01,3.367e-03,-7.602732e-03
1312257939,0,-4370,3336000,200,6000,,-0.01,4.823e-03,-7.517768e-03
1312257969,0,-4370,3342000,200,6000,,-0.01,4.368e-03,-7.623222e-03
1312257999,0,-4370,3348000,200,6000,,-0.01,4.277e-03,-7.694854e-03
1312258029,0,-4370,3354000,200,6000,,-0.01,3.913e-03,-7.734302e-03
1312258059,0,-4370,3360000,200,6000,,-0.01,3.276e-03,-7.597029e-03
1312258089,0,-4370,3366000,200,6000,,-0.01,3.549e-03,-7.561827e-03
1312258119,0,-4370,3372000,200,6000,,-0.01,3.276e-03,-7.652675e-03
1312258149,0,-4370,3378000,200,6000,,-0.01,4.459e-03,-7.70359e-03
1312258179,0,-4370,3384000,200,6000,,-0.01,4.459e-03,-7.727735e-03
1312258209,0,-4370,3390000,200,6000,,-0.01,4.368e-03,-7.566392e-03
1312258239,0,-4370,3396000,200,6000,,-0.01,4.368e-03,-7.576979e-03
1312258269,0,-4370,3402000,200,6000,,-0.01,3.094e-03,-7.686163e-03
1312258299,0,-4370,3408000,200,6000,,-0.01,3.276e-03,-7.760495e-03
1312258329,0,-4370,3414000,200,6000,,-0.01,3.003e-03,-7.735956e-03
1312258359,0,-4370,3420000,200,6000,,-0.01,4.004e-03,-7.557217e-03
1312258389,0,-4370,3426000,200,6000,,-0.01,3.731e-03,-7.577206e-03
1312258419,0,-4370,3432000,200,6000,,-0.01,3.913e-03,-7.675001e-03
1312258449,0,-4370,3438000,200,6000,,-0.01,3.549e-03,-7.728114e-03
1312258479,0,-4370,3444000,200,6000,,-0.01,3.822e-03,-7.658727e-03
1312258509,0,-4370,3450000,200,6000,,-0.01,4.459e-03,-7.547025e-03
1312258539,0,-4370,3456000,200,6000,,-0.01,3.458e-03,-7.562843e-03
1312258569,0,-4370,3462000,200,6000,,-0.01,3.276e-03,-7.671983e-03
1312258599,0,-4370,3468000,200,6000,,-0.01,4.368e-03,-7.730799e-03
1312258629,0,-4370,3474000,200,6000,,-0.01,4.459e-03,-7.634657e-03
1312258659,0,-4370,3480000,200,6000,,-0.01,3.549e-03,-7.531312e-03
1312258689,0,-4370,3486000,200,6000,,-0.01,3.367e-03,-7.597681e-03
1312258719,0,-4370,3492000,200,6000,,-0.01,3.003e-03,-7.700193e-03
1312258749,0,-4370,3498000,200,6000,,-0.01,3.64e-03,-7.735273e-03
1312258779,0,-4370,3504000,200,6000,,-0.01,3.731e-03,-7.609405e-03
1312258809,0,-4370,3510000,200,6000,,-0.01,4.004e-03,-7.555048e-03
1312258839,0,-4370,3516000,200,6000,,-0.01,3.549e-03,-7.644243e-03
1312258869,0,-4370,3522000,200,6000,,-0.01,4.095e-03,-7.708398e-03
1312258899,0,-4370,3528000,200,6000,,-0.01,4.004e-03,-7.728721e-03
1312258929,0,-4370,3534000,200,6000,,-0.01,4.55e-03,-7.552894e-03
1312258959,0,-4370,3540000,200,6000,,-0.01,3.458e-03,-7.543369e-03
1312258989,0,-4370,3546000,200,6000,,-0.01,4.095e-03,-7.651113e-03
1312259019,0,-4370,3552000,200,6000,,-0.01,3.549e-03,-7.727402e-03
1312259049,0,-4370,3558000,200,6000,,-0.01,3.367e-03,-7.698949e-03
1312259079,0,-4370,3564000,200,6000,,-0.01,4.914e-03,-7.522743e-03
1312259109,0,-4370,3570000,200,6000,,-0.01,4.459e-03,-7.549481e-03
1312259139,0,-4370,3576000,200,6000,,-0.01,3.367e-03,-7.625406e-03
1312259169,0,-4370,3582000,200,6000,,-0.01,3.913e-03,-7.708746e-03
1312259199,0,-4370,3588000,200,6000,,-0.01,3.64e-03,-7.660107e-03
1312259229,0,-4370,3594000,200,6000,,-0.01,3.549e-03,-7.504406e-03
1312259259,0,-4370,3600000,200,6000,,-0.01,4.55e-03,-7.5803e-03
1312259289,0,-4370,3606000,200,6000,,-0.01,3.549e-03,-7.674152e-03
1312259319,0,-4370,3612000,200,6000,,-0.01,4.459e-03,-7.713843e-03
1312259349,0,-4370,3618000,200,6000,,-0.01,4.368e-03,-7.610573e-03
1312259379,0,-4370,3624000,200,6000,,-0.01,3.367e-03,-7.508152e-03
1312259409,0,-4370,3630000,200,6000,,-0.01,4.732e-03,-7.581028e-03
1312259439,0,-4370,3636000,200,6000,,-0.01,3.64e-03,-7.67177e-03
1312259469,0,-4370,3642000,200,6000,,-0.01,2.912e-03,-7.709383e-03
1312259499,0,-4370,3648000,200,6000,,-0.01,3.64e-03,-7.562601e-03
1312259529,0,-4370,3654000,200,6000,,-0.01,4.368e-03,-7.529856e-03
1312259559,0,-4370,3660000,200,6000,,-0.01,3.276e-03,-7.608813e-03
1312259589,0,-4370,3666000,200,6000,,-0.01,4.004e-03,-7.667281e-03
1312259619,0,-4370,3672000,200,6000,,-0.01,3.458e-03,-7.687726e-03
1312259649,0,-4370,3678000,200,6000,,-0.01,4.186e-03,-7.522136e-03
1312259679,0,-4370,3684000,200,6000,,-0.01,4.641e-03,-7.541974e-03
1312259709,0,-4370,3690000,200,6000,,-0.01,3.458e-03,-7.622554e-03
1312259739,0,-4370,3696000,200,6000,,-0.01,3.913e-03,-7.674334e-03
1312259769,0,-4370,3702000,200,6000,,-0.01,3.367e-03,-7.651432e-03
1312259799,0,-4370,3708000,200,6000,,-0.01,3.64e-03,-7.488466e-03
1312259829,0,-4370,3714000,200,6000,,-0.01,4.459e-03,-7.555093e-03
1312259859,0,-4370,3720000,200,6000,,-0.01,4.095e-03,-7.630304e-03
1312259889,0,-4370,3726000,200,6000,,-0.01,3.64e-03,-7.698737e-03
1312259919,0,-4370,3732000,200,6000,,-0.01,3.64e-03,-7.603657e-03
1312259949,0,-4370,3738000,200,6000,,-0.01,3.185e-03,-7.502874e-03
1312259979,0,-4370,3744000,200,6000,,-0.01,4.459e-03,-7.569152e-03
1312260009,0,-4370,3750000,200,6000,,-0.01,3.276e-03,-7.660304e-03
1312260039,0,-4370,3756000,200,6000,,-0.01,2.912e-03,-7.721532e-03
1312260069,0,-4370,3762000,200,6000,,-0.01,3.276e-03,-7.568349e-03
1312260099,0,-4370,3768000,200,6000,,-0.01,4.732e-03,-7.51751e-03
1312260129,0,-4370,3774000,200,6000,,-0.01,4.368e-03,-7.603732e-03
1312260159,0,-4370,3780000,200,6000,,-0.01,4.459e-03,-7.67406e-03
1312260189,0,-4370,3786000,200,6000,,-0.01,3.276e-03,-7.678974e-03
1312260219,0,-4370,3792000,200,6000,,-0.01,3.731e-03,-7.495033e-03
1312260249,0,-4370,3798000,200,6000,,-0.01,3.549e-03,-7.523288e-03
1312260279,0,-4370,3804000,200,6000,,-0.01,4.277e-03,-7.627393e-03
1312260309,0,-4370,3810000,200,6000,,-0.01,4.459e-03,-7.694672e-03
1312260339,0,-4370,3816000,200,6000,,-0.01,4.186e-03,-7.643788e-03
1312260369,0,-4370,3822000,200,6000,,-0.01,4.732e-03,-7.492045e-03
1312260399,0,-4370,3828000,200,6000,,-0.01,3.458e-03,-7.548056e-03
1312260429,0,-4370,3834000,200,6000,,-0.01,4.368e-03,-7.645926e-03
1312260459,0,-4370,3840000,200,6000,,-0.01,4.095e-03,-7.734727e-03
1312260489,0,-4370,3846000,200,6000,,-0.01,4.277e-03,-7.601215e-03
1312260519,0,-4370,3852000,200,6000,,-0.01,4.186e-03,-7.486342e-03
1312260549,0,-4370,3858000,200,6000,,-0.01,4.277e-03,-7.59486e-03
1312260579,0,-4370,3864000,200,6000,,-0.01,4.732e-03,-7.671209e-03
1312260609,0,-4370,3870000,200,6000,,-0.01,3.913e-03,-7.712993e-03
1312260639,0,-4370,3876000,200,6000,,-0.01,4.732e-03,-7.576236e-03
1312260669,0,-4370,3882000,200,6000,,-0.01,4.368e-03,-7.509456e-03
1312260699,0,-4370,3888000,200,6000,,-0.01,4.277e-03,-7.60807e-03
1312260729,0,-4370,3894000,200,6000,,-0.01,3.367e-03,-7.658605e-03
1312260759,0,-4370,3900000,200,6000,,-0.01,3.64e-03,-7.657893e-03
1312260789,0,-4370,3906000,200,6000,,-0.01,4.732e-03,-7.48742e-03
1312260819,0,-4370,3912000,200,6000,,-0.01,3.549e-03,-7.5043e-03
1312260849,0,-4370,3918000,200,6000,,-0.01,3.549e-03,-7.594693e-03
1312260879,0,-4370,3924000,200,6000,,-0.01,4.641e-03,-7.659076e-03
1312260909,0,-4370,3930000,200,6000,,-0.01,4.368e-03,-7.609466e-03
1312260939,0,-4370,3936000,200,6000,,-0.01,4.732e-03,-7.469144e-03
1312260969,0,-4370,3942000,200,6000,,-0.01,4.641e-03,-7.519421e-03
1312260999,0,-4370,3948000,200,6000,,-0.01,4.459e-03,-7.614789e-03
1312261029,0,-4370,3954000,200,6000,,-0.01,4.368e-03,-7.664521e-03
1312261059,0,-4370,3960000,200,6000,,-0.01,4.459e-03,-7.577797e-03
1312261089,0,-4370,3966000,200,6000,,-0.01,3.64e-03,-7.462015e-03
1312261119,0,-4370,3972000,200,6000,,-0.01,4.368e-03,-7.571943e-03
1312261149,0,-4370,3978000,200,6000,,-0.01,4.641e-03,-7.653889e-03
1312261179,0,-4370,3984000,200,6000,,-0.01,3.185e-03,-7.682948e-03
1312261209,0,-4370,3990000,200,6000,,-0.01,3.549e-03,-7.5471e-03
1312261239,0,-4370,3996000,200,6000,,-0.01,4.459e-03,-7.475499e-03
1312261269,0,-4370,4002000,200,6000,,-0.01,4.095e-03,-7.589613e-03
1312261299,0,-4370,4008000,200,6000,,-0.01,3.549e-03,-7.644986e-03
1312261329,0,-4370,4014000,200,6000,,-0.01,3.276e-03,-7.666962e-03
1312261359,0,-4370,4020000,200,6000,,-0.01,4.55e-03,-7.495245e-03
1312261389,0,-4370,4026000,200,6000,,-0.01,4.732e-03,-7.515098e-03
1312261419,0,-4370,4032000,200,6000,,-0.01,5.005e-03,-7.590007e-03
1312261449,0,-4370,4038000,200,6000,,-0.01,4.368e-03,-7.688211e-03
1312261479,0,-4370,4044000,200,6000,,-0.01,4.368e-03,-7.642362e-03
1312261509,0,-4370,4050000,200,6000,,-0.01,4.368e-03,-7.514113e-03
1312261539,0,-4370,4056000,200,6000,,-0.01,3.64e-03,-7.527748e-03
1312261569,0,-4370,4062000,200,6000,,-0.01,3.549e-03,-7.648353e-03
1312261599,0,-4370,4068000,200,6000,,-0.01,3.549e-03,-7.6895e-03
1312261629,0,-4370,4074000,200,6000,,-0.01,3.731e-03,-7.605916e-03
1312261659,0,-4370,4080000,200,6000,,-0.01,4.641e-03,-7.493076e-03
1312261689,0,-4370,4086000,200,6000,,-0.01,4.277e-03,-7.577145e-03
1312261719,0,-4370,4092000,200,6000,,-0.01,3.549e-03,-7.67535e-03
1312261749,0,-4370,4098000,200,6000,,-0.01,2.912e-03,-7.703287e-03
1312261779,0,-4370,4104000,200,6000,,-0.01,3.276e-03,-7.55344e-03
1312261809,0,-4370,4110000,200,6000,,-0.01,5.005e-03,-7.501494e-03
1312261839,0,-4370,4116000,200,6000,,-0.01,3.458e-03,-7.591994e-03
1312261869,0,-4370,4122000,200,6000,,-0.01,4.641e-03,-7.661563e-03
1312261899,0,-4370,4128000,200,6000,,-0.01,2.912e-03,-7.678474e-03
1312261929,0,-4370,4134000,200,6000,,-0.01,5.005e-03,-7.489861e-03
1312261959,0,-4370,4140000,200,6000,,-0.01,3.549e-03,-7.521635e-03
1312261989,0,-4370,4146000,200,6000,,-0.01,3.913e-03,-7.64626e-03
1312262019,0,-4370,4152000,200,6000,,-0.01,4.277e-03,-7.685511e-03
1312262049,0,-4370,4158000,200,6000,,-0.01,4.004e-03,-7.634688e-03
1312262079,0,-4370,4164000,200,6000,,-0.01,3.276e-03,-7.491924e-03
1312262109,0,-4370,4170000,200,6000,,-0.01,4.641e-03,-7.560841e-03
1312262139,0,-4370,4176000,200,6000,,-0.01,3.367e-03,-7.658196e-03
1312262169,0,-4370,4182000,200,6000,,-0.01,3.913e-03,-7.701709e-03
1312262199,0,-4370,4188000,200,6000,,-0.01,4.186e-03,-7.572323e-03
1312262229,0,-4370,4194000,200,6000,,-0.01,5.096e-03,-7.477e-03
1312262259,0,-4370,4200000,200,6000,,-0.01,4.914e-03,-7.565513e-03
1312262289,0,-4370,4206000,200,6000,,-0.01,4.823e-03,-7.675516e-03
1312262319,0,-4370,4212000,200,6000,,-0.01,3.913e-03,-7.703135e-03
1312262349,0,-4370,4218000,200,6000,,-0.01,4.004e-03,-7.56439e-03
1312262379,0,-4370,4224000,200,6000,,-0.01,3.731e-03,-7.531539e-03
1312262409,0,-4370,4230000,200,6000,,-0.01,4.186e-03,-7.661533e-03
1312262439,0,-4370,4236000,200,6000,,-0.01,4.277e-03,-7.736775e-03
1312262469,0,-4370,4242000,200,6000,,-0.01,4.004e-03,-7.708277e-03
1312262499,0,-4370,4248000,200,6000,,-0.01,4.823e-03,-7.519042e-03
1312262529,0,-4370,4254000,200,6000,,-0.01,4.368e-03,-7.569168e-03
1312262559,0,-4370,4260000,200,6000,,-0.01,3.458e-03,-7.658272e-03
1312262589,0,-4370,4266000,200,6000,,-0.01,3.276e-03,-7.701042e-03
1312262619,0,-4370,4272000,200,6000,,-0.01,3.549e-03,-7.588126e-03
1312262649,0,-4370,4278000,200,6000,,-0.01,4.186e-03,-7.472041e-03
1312262679,0,-4370,4284000,200,6000,,-0.01,4.732e-03,-7.57801e-03
1312262709,0,-4370,4290000,200,6000,,-0.01,3.913e-03,-7.650552e-03
1312262739,0,-4370,4296000,200,6000,,-0.01,3.094e-03,-7.675092e-03
1312262769,0,-4370,4302000,200,6000,,-0.01,3.276e-03,-7.529158e-03
1312262799,0,-4370,4308000,200,6000,,-0.01,4.277e-03,-7.510624e-03
1312262829,0,-4370,4314000,200,6000,,-0.01,4.186e-03,-7.60851e-03
1312262859,0,-4370,4320000,200,6000,,-0.01,3.549e-03,-7.69628e-03
1312262889,0,-4370,4326000,200,6000,,-0.01,3.549e-03,-7.627286e-03
1312262919,0,-4370,4332000,200,6000,,-0.01,4.459e-03,-7.492758e-03
1312262949,0,-4370,4338000,200,6000,,-0.01,3.185e-03,-7.563965e-03
1312262979,0,-4370,4344000,200,6000,,-0.01,4.277e-03,-7.644106e-03
1312263009,0,-4370,4350000,200,6000,,-0.01,3.549e-03,-7.690319e-03
1312263039,0,-4370,4356000,200,6000,,-0.01,3.458e-03,-7.554623e-03
1312263069,0,-4370,4362000,200,6000,,-0.01,3.64e-03,-7.500736e-03
1312263099,0,-4370,4368000,200,6000,,-0.01,4.095e-03,-7.604021e-03
1312263129,0,-4370,4374000,200,6000,,-0.01,3.276e-03,-7.679763e-03
1312263159,0,-4370,4380000,200,6000,,-0.01,4.277e-03,-7.66904e-03
1312263189,0,-4370,4386000,200,6000,,-0.01,4.732e-03,-7.494897e-03
1312263219,0,-4370,4392000,200,6000,,-0.01,4.914e-03,-7.521802e-03
1312263249,0,-4370,4398000,200,6000,,-0.01,4.459e-03,-7.6162e-03
1312263279,0,-4370,4404000,200,6000,,-0.01,3.276e-03,-7.696598e-03
1312263309,0,-4370,4410000,200,6000,,-0.01,3.185e-03,-7.576705e-03
1312263339,0,-4370,4416000,200,6000,,-0.01,3.185e-03,-7.475984e-03
1312263369,0,-4370,4422000,200,6000,,-0.01,3.64e-03,-7.571185e-03
1312263399,0,-4370,4428000,200,6000,,-0.01,3.549e-03,-7.679702e-03
1312263429,0,-4370,4434000,200,6000,,-0.01,3.003e-03,-7.716952e-03
1312263459,0,-4370,4440000,200,6000,,-0.01,3.64e-03,-7.511246e-03
1312263489,0,-4370,4446000,200,6000,,-0.01,3.64e-03,-7.536393e-03
1312263519,0,-4370,4452000,200,6000,,-0.01,4.732e-03,-7.606023e-03
1312263549,0,-4370,4458000,200,6000,,-0.01,4.186e-03,-7.703817e-03
1312263579,0,-4370,4464000,200,6000,,-0.01,4.368e-03,-7.638722e-03
1312263609,0,-4370,4470000,200,6000,,-0.01,3.276e-03,-7.472253e-03
1312263639,0,-4370,4476000,200,6000,,-0.01,4.641e-03,-7.565588e-03
1312263669,0,-4370,4482000,200,6000,,-0.01,4.277e-03,-7.676017e-03
1312263699,0,-4370,4488000,200,6000,,-0.01,3.276e-03,-7.718559e-03
1312263729,0,-4370,4494000,200,6000,,-0.01,3.185e-03,-7.545902e-03
1312263759,0,-4370,4500000,200,6000,,-0.01,4.641e-03,-7.515008e-03
1312263789,0,-4370,4506000,200,6000,,-0.01,3.276e-03,-7.620932e-03
1312263819,0,-4370,4512000,200,6000,,-0.01,3.822e-03,-7.714616e-03
1312263849,0,-4370,4518000,200,6000,,-0.01,4.732e-03,-7.646154e-03
1312263879,0,-4370,4524000,200,6000,,-0.01,4.914e-03,-7.474876e-03
1312263909,0,-4370,4530000,200,6000,,-0.01,4.004e-03,-7.530538e-03
1312263939,0,-4370,4536000,200,6000,,-0.01,3.276e-03,-7.630335e-03
1312263969,0,-4370,4542000,200,6000,,-0.01,3.276e-03,-7.713175e-03
1312263999,0,-4370,4548000,200,6000,,-0.01,3.549e-03,-7.583152e-03
1312264029,0,-4370,4554000,200,6000,,-0.01,3.64e-03,-7.494533e-03
1312264059,0,-4370,4560000,200,6000,,-0.01,4.459e-03,-7.621402e-03
1312264089,0,-4370,4566000,200,6000,,-0.01,4.277e-03,-7.707776e-03
1312264119,0,-4370,4572000,200,6000,,-0.01,3.003e-03,-7.700814e-03
1312264149,0,-4370,4578000,200,6000,,-0.01,3.367e-03,-7.510685e-03
1312264179,0,-4370,4584000,200,6000,,-0.01,4.277e-03,-7.552864e-03
1312264209,0,-4370,4590000,200,6000,,-0.01,3.276e-03,-7.645608e-03
1312264239,0,-4370,4596000,200,6000,,-0.01,4.459e-03,-7.722154e-03
1312264269,0,-4370,4602000,200,6000,,-0.01,4.459e-03,-7.623737e-03
1312264299,0,-4370,4608000,200,6000,,-0.01,3.276e-03,-7.473648e-03
1312264329,0,-4370,4614000,200,6000,,-0.01,4.641e-03,-7.589188e-03
1312264359,0,-4370,4620000,200,6000,,-0.01,3.458e-03,-7.678004e-03
1312264389,0,-4370,4626000,200,6000,,-0.01,4.459e-03,-7.69998e-03
1312264419,0,-4370,4632000,200,6000,,-0.01,4.004e-03,-7.517192e-03
1312264449,0,-4370,4638000,200,6000,,-0.01,3.276e-03,-7.678914e-03
1312264479,0,-4370,4644000,200,6000,,-0.01,4.004e-03,-7.695582e-03
1312264509,0,-4370,4650000,200,6000,,-0.01,4.004e-03,-7.51384e-03
1312264539,0,-4370,4656000,200,6000,,-0.01,3.185e-03,-7.512141e-03
1312264569,0,-4370,4662000,200,6000,,-0.01,4.641e-03,-7.641407e-03
1312264599,0,-4370,4668000,200,6000,,-0.01,3.64e-03,-7.714313e-03
1312264629,0,-4370,4674000,200,6000,,-0.01,3.276e-03,-7.638449e-03
1312264659,0,-4370,4680000,200,6000,,-0.01,4.641e-03,-7.503405e-03
1312264689,0,-4370,4686000,200,6000,,-0.01,4.459e-03,-7.582272e-03
1312264719,0,-4370,4692000,200,6000,,-0.01,3.731e-03,-7.652964e-03
1312264749,0,-4370,4698000,200,6000,,-0.01,3.64e-03,-7.686724e-03
1312264779,0,-4370,4704000,200,6000,,-0.01,4.095e-03,-7.536969e-03
1312264809,0,-4370,4710000,200,6000,,-0.01,4.368e-03,-7.530842e-03
1312264839,0,-4370,4716000,200,6000,,-0.01,4.186e-03,-7.628439e-03
1312264869,0,-4370,4722000,200,6000,,-0.01,4.368e-03,-7.694429e-03
1312264899,0,-4370,4728000,200,6000,,-0.01,4.368e-03,-7.597893e-03
1312264929,0,-4370,4734000,200,6000,,-0.01,4.277e-03,-7.479563e-03
1312264959,0,-4370,4740000,200,6000,,-0.01,3.367e-03,-7.568379e-03
1312264989,0,-4370,4746000,200,6000,,-0.01,4.368e-03,-7.667539e-03
1312265019,0,-4370,4752000,200,6000,,-0.01,2.912e-03,-7.697129e-03
1312265049,0,-4370,4758000,200,6000,,-0.01,3.185e-03,-7.50433e-03
1312265079,0,-4370,4764000,200,6000,,-0.01,4.55e-03,-7.511231e-03
1312265109,0,-4370,4770000,200,6000,,-0.01,4.459e-03,-7.627347e-03
1312265139,0,-4370,4776000,200,6000,,-0.01,4.277e-03,-7.697963e-03
1312265169,0,-4370,4782000,200,6000,,-0.01,4.368e-03,-7.600381e-03
1312265199,0,-4370,4788000,200,6000,,-0.01,4.641e-03,-7.511185e-03
1312265229,0,-4370,4794000,200,6000,,-0.01,4.459e-03,-7.608707e-03
1312265259,0,-4370,4800000,200,6000,,-0.01,4.459e-03,-7.669905e-03
1312265289,0,-4370,4806000,200,6000,,-0.01,4.004e-03,-7.703211e-03
1312265319,0,-4370,4812000,200,6000,,-0.01,4.368e-03,-7.517556e-03
1312265349,0,-4370,4818000,200,6000,,-0.01,4.55e-03,-7.523106e-03
1312265379,0,-4370,4824000,200,6000,,-0.01,4.368e-03,-7.637266e-03
1312265409,0,-4370,4830000,200,6000,,-0.01,3.094e-03,-7.723019e-03
1312265439,0,-4370,4836000,200,6000,,-0.01,3.185e-03,-7.56618e-03
1312265469,0,-4370,4842000,200,6000,,-0.01,4.732e-03,-7.477303e-03
1312265499,0,-4370,4848000,200,6000,,-0.01,4.732e-03,-7.60763e-03
1312265529,0,-4370,4854000,200,6000,,-0.01,3.913e-03,-7.728509e-03
1312265559,0,-4370,4860000,200,6000,,-0.01,3.822e-03,-7.69904e-03
1312265589,0,-4370,4866000,200,6000,,-0.01,3.64e-03,-7.514704e-03
1312265619,0,-4370,4872000,200,6000,,-0.01,4.459e-03,-7.566089e-03
1312265649,0,-4370,4878000,200,6000,,-0.01,3.276e-03,-7.641133e-03
1312265679,0,-4370,4884000,200,6000,,-0.01,3.276e-03,-7.688605e-03
1312265709,0,-4370,4890000,200,6000,,-0.01,3.458e-03,-7.517571e-03
1312265739,0,-4370,4896000,200,6000,,-0.01,4.459e-03,-7.517798e-03
1312265769,0,-4370,4902000,200,6000,,-0.01,3.549e-03,-7.617185e-03
1312265799,0,-4370,4908000,200,6000,,-0.01,4.004e-03,-7.701345e-03
1312265829,0,-4370,4914000,200,6000,,-0.01,3.822e-03,-7.595816e-03
1312265859,0,-4370,4920000,200,6000,,-0.01,4.732e-03,-7.490331e-03
1312265889,0,-4370,4926000,200,6000,,-0.01,3.276e-03,-7.587884e-03
1312265919,0,-4370,4932000,200,6000,,-0.01,3.458e-03,-7.671558e-03
1312265949,0,-4370,4938000,200,6000,,-0.01,2.457e-03,-7.690835e-03
1312265979,0,-4370,4944000,200,6000,,-0.01,3.549e-03,-7.512581e-03
1312266009,0,-4370,4950000,200,6000,,-0.01,4.368e-03,-7.545583e-03
1312266039,0,-4370,4956000,200,6000,,-0.01,4.55e-03,-7.662185e-03
1312266069,0,-4370,4962000,200,6000,,-0.01,3.367e-03,-7.705228e-03
1312266099,0,-4370,4968000,200,6000,,-0.01,4.004e-03,-7.533723e-03
1312266129,0,-4370,4974000,200,6000,,-0.01,3.276e-03,-7.513627e-03
1312266159,0,-4370,4980000,200,6000,,-0.01,4.186e-03,-7.629637e-03
1312266189,0,-4370,4986000,200,6000,,-0.01,3.913e-03,-7.720849e-03
1312266219,0,-4370,4992000,200,6000,,-0.01,4.277e-03,-7.596726e-03
1312266249,0,-4370,4998000,200,6000,,-0.01,3.276e-03,-7.466808e-03
1312266279,0,-4370,5004000,200,6000,,-0.01,4.368e-03,-7.606281e-03
1312266309,0,-4370,5010000,200,6000,,-0.01,3.458e-03,-7.724884e-03
1312266339,0,-4370,5016000,200,6000,,-0.01,3.185e-03,-7.681052e-03
1312266369,0,-4370,5022000,200,6000,,-0.01,4.732e-03,-7.479669e-03
1312266399,0,-4370,5028000,200,6000,,-0.01,4.004e-03,-7.562343e-03
1312266429,0,-4370,5034000,200,6000,,-0.01,4.277e-03,-7.664521e-03
1312266459,0,-4370,5040000,200,6000,,-0.01,3.549e-03,-7.706593e-03
1312266489,0,-4370,5046000,200,6000,,-0.01,3.64e-03,-7.509942e-03
1312266519,0,-4370,5052000,200,6000,,-0.01,4.277e-03,-7.55658e-03
1312266549,0,-4370,5058000,200,6000,,-0.01,4.368e-03,-7.652615e-03
1312266579,0,-4370,5064000,200,6000,,-0.01,4.732e-03,-7.743873e-03
1312266609,0,-4370,5070000,200,6000,,-0.01,4.277e-03,-7.553182e-03
1312266639,0,-4370,5076000,200,6000,,-0.01,3.276e-03,-7.511277e-03
1312266669,0,-4370,5082000,200,6000,,-0.01,3.276e-03,-7.623571e-03
1312266699,0,-4370,5088000,200,6000,,-0.01,3.276e-03,-7.691153e-03
1312266729,0,-4370,5094000,200,6000,,-0.01,3.276e-03,-7.589248e-03
1312266759,0,-4370,5100000,200,6000,,-0.01,3.549e-03,-7.461924e-03
1312266789,0,-4370,5106000,200,6000,,-0.01,3.276e-03,-7.584683e-03
1312266819,0,-4370,5112000,200,6000,,-0.01,4.004e-03,-7.669708e-03
1312266849,0,-4370,5118000,200,6000,,-0.01,3.731e-03,-7.622888e-03
1312266879,0,-4370,5124000,200,6000,,-0.01,4.368e-03,-7.44515e-03
1312266909,0,-4370,5130000,200,6000,,-0.01,3.731e-03,-7.515751e-03
1312266939,0,-4370,5136000,200,6000,,-0.01,4.641e-03,-7.631761e-03
1312266969,0,-4370,5142000,200,6000,,-0.01,2.73e-03,-7.653055e-03
1312266999,0,-4370,5148000,200,6000,,-0.01,3.276e-03,-7.463653e-03
1312267029,0,-4370,5154000,200,6000,,-0.01,3.549e-03,-7.508122e-03
1312267059,0,-4370,5160000,200,6000,,-0.01,4.823e-03,-7.633717e-03
1312267089,0,-4370,5166000,200,6000,,-0.01,4.368e-03,-7.673332e-03
1312267119,0,-4370,5172000,200,6000,,-0.01,4.277e-03,-7.48839e-03
1312267149,0,-4370,5178000,200,6000,,-0.01,4.641e-03,-7.496853e-03
1312267179,0,-4370,5184000,200,6000,,-0.01,4.368e-03,-7.612271e-03
1312267209,0,-4370,5190000,200,6000,,-0.01,3.276e-03,-7.664718e-03
1312267239,0,-4370,5196000,200,6000,,-0.01,3.549e-03,-7.488618e-03
1312267269,0,-4370,5202000,200,6000,,-0.01,3.549e-03,-7.447288e-03
1312267299,0,-4370,5208000,200,6000,,-0.01,3.185e-03,-7.583424e-03
1312267329,0,-4370,5214000,200,6000,,-0.01,3.276e-03,-7.670876e-03
1312267359,0,-4370,5220000,200,6000,,-0.01,3.185e-03,-7.574233e-03
1312267389,0,-4370,5226000,200,6000,,-0.01,3.185e-03,-7.431318e-03
1312267419,0,-4370,5232000,200,6000,,-0.01,4.732e-03,-7.546038e-03
1312267449,0,-4370,5238000,200,6000,,-0.01,4.277e-03,-7.653692e-03
1312267479,0,-4370,5244000,200,6000,,-0.01,3.731e-03,-7.630198e-03
1312267509,0,-4370,5250000,200,6000,,-0.01,3.731e-03,-7.427238e-03
1312267539,0,-4370,5256000,200,6000,,-0.01,4.004e-03,-7.512353e-03
1312267569,0,-4370,5262000,200,6000,,-0.01,3.276e-03,-7.627802e-03
1312267599,0,-4370,5268000,200,6000,,-0.01,2.457e-03,-7.638919e-03
1312267629,0,-4370,5274000,200,6000,,-0.01,4.277e-03,-7.44151e-03
1312267659,0,-4370,5280000,200,6000,,-0.01,4.459e-03,-7.49115e-03
1312267689,0,-4370,5286000,200,6000,,-0.01,4.186e-03,-7.615183e-03
1312267719,0,-4370,5292000,200,6000,,-0.01,3.185e-03,-7.661654e-03
1312267749,0,-4370,5298000,200,6000,,-0.01,3.458e-03,-7.49115e-03
1312267779,0,-4370,5304000,200,6000,,-0.01,4.914e-03,-7.480504e-03
1312267809,0,-4370,5310000,200,6000,,-0.01,3.64e-03,-7.607145e-03
1312267839,0,-4370,5316000,200,6000,,-0.01,3.185e-03,-7.689576e-03
1312267869,0,-4370,5322000,200,6000,,-0.01,3.276e-03,-7.525078e-03
1312267899,0,-4370,5328000,200,6000,,-0.01,4.368e-03,-7.462076e-03
1312267929,0,-4370,5334000,200,6000,,-0.01,4.004e-03,-7.590719e-03
1312267959,0,-4370,5340000,200,6000,,-0.01,3.64e-03,-7.648656e-03
1312267989,0,-4370,5346000,200,6000,,-0.01,3.822e-03,-7.589552e-03
1312268019,0,-4370,5352000,200,6000,,-0.01,4.095e-03,-7.43012e-03
1312268049,0,-4370,5358000,200,6000,,-0.01,4.004e-03,-7.551893e-03
1312268079,0,-4370,5364000,200,6000,,-0.01,4.459e-03,-7.666189e-03
1312268109,0,-4370,5370000,200,6000,,-0.01,3.276e-03,-7.634202e-03
1312268139,0,-4370,5376000,200,6000,,-0.01,3.276e-03,-7.453795e-03
1312268169,0,-4370,5382000,200,6000,,-0.01,3.549e-03,-7.509381e-03
1312268199,0,-4370,5388000,200,6000,,-0.01,3.276e-03,-7.620416e-03
1312268229,0,-4370,5394000,200,6000,,-0.01,4.004e-03,-7.663565e-03
1312268259,0,-4370,5400000,200,6000,,-0.01,4.277e-03,-7.468158e-03
1312268289,0,-4370,5406000,200,6000,,-0.01,3.913e-03,-7.479336e-03
1312268319,0,-4370,5412000,200,6000,,-0.01,3.549e-03,-7.602443e-03
1312268349,0,-4370,5418000,200,6000,,-0.01,4.277e-03,-7.683358e-03
1312268379,0,-4370,5424000,200,6000,,-0.01,4.641e-03,-7.554168e-03
1312268409,0,-4370,5430000,200,6000,,-0.01,4.641e-03,-7.452278e-03
1312268439,0,-4370,5436000,200,6000,,-0.01,4.641e-03,-7.585624e-03
1312268469,0,-4370,5442000,200,6000,,-0.01,4.368e-03,-7.65988e-03
1312268499,0,-4370,5448000,200,6000,,-0.01,4.368e-03,-7.608055e-03
1312268529,0,-4370,5454000,200,6000,,-0.01,4.004e-03,-7.457708e-03
1312268559,0,-4370,5460000,200,6000,,-0.01,4.004e-03,-7.527277e-03
1312268589,0,-4370,5466000,200,6000,,-0.01,4.914e-03,-7.62219e-03
1312268619,0,-4370,5472000,200,6000,,-0.01,3.549e-03,-7.656164e-03
1312268649,0,-4370,5478000,200,6000,,-0.01,3.64e-03,-7.457314e-03
1312268679,0,-4370,5484000,200,6000,,-0.01,3.458e-03,-7.496838e-03
1312268709,0,-4370,5490000,200,6000,,-0.01,3.458e-03,-7.606978e-03
1312268739,0,-4370,5496000,200,6000,,-0.01,3.276e-03,-7.660577e-03
1312268769,0,-4370,5502000,200,6000,,-0.01,3.276e-03,-7.503784e-03
1312268799,0,-4370,5508000,200,6000,,-0.01,4.368e-03,-7.457344e-03
1312268829,0,-4370,5514000,200,6000,,-0.01,4.277e-03,-7.568106e-03
1312268859,0,-4370,5520000,200,6000,,-0.01,3.64e-03,-7.677898e-03
1312268889,0,-4370,5526000,200,6000,,-0.01,4.277e-03,-7.603217e-03
1312268919,0,-4370,5532000,200,6000,,-0.01,4.186e-03,-7.470326e-03
1312268949,0,-4370,5538000,200,6000,,-0.01,4.732e-03,-7.574279e-03
1312268979,0,-4370,5544000,200,6000,,-0.01,3.185e-03,-7.668661e-03
1312269009,0,-4370,5550000,200,6000,,-0.01,2.821e-03,-7.669344e-03
1312269039,0,-4370,5556000,200,6000,,-0.01,3.549e-03,-7.484993e-03
1312269069,0,-4370,5562000,200,6000,,-0.01,4.459e-03,-7.578526e-03
1312269099,0,-4370,5568000,200,6000,,-0.01,3.276e-03,-7.692852e-03
1312269129,0,-4370,5574000,200,6000,,-0.01,4.186e-03,-7.729298e-03
1312269159,0,-4370,5580000,200,6000,,-0.01,4.368e-03,-7.582621e-03
1312269189,0,-4370,5586000,200,6000,,-0.01,3.913e-03,-7.550816e-03
1312269219,0,-4370,5592000,200,6000,,-0.01,3.276e-03,-7.638555e-03
1312269249,0,-4370,5598000,200,6000,,-0.01,4.186e-03,-7.718104e-03
1312269279,0,-4370,5604000,200,6000,,-0.01,3.822e-03,-7.681826e-03
1312269309,0,-4370,5610000,200,6000,,-0.01,4.641e-03,-7.588672e-03
1312269339,0,-4370,5616000,200,6000,,-0.01,3.64e-03,-7.669768e-03
1312269369,0,-4370,5622000,200,6000,,-0.01,4.459e-03,-7.779545e-03
1312269399,0,-4370,5628000,200,6000,,-0.01,3.913e-03,-7.737063e-03
1312269429,0,-4370,5634000,200,6000,,-0.01,4.368e-03,-7.54889e-03
1312269459,0,-4370,5640000,200,6000,,-0.01,4.732e-03,-7.599547e-03
1312269489,0,-4370,5646000,200,6000,,-0.01,4.277e-03,-7.697114e-03
1312269519,0,-4370,5652000,200,6000,,-0.01,3.185e-03,-7.685481e-03
1312269549,0,-4370,5658000,200,6000,,-0.01,4.186e-03,-7.497702e-03
1312269579,0,-4370,5664000,200,6000,,-0.01,3.64e-03,-7.533344e-03
1312269609,0,-4370,5670000,200,2600,,-0.01,2.821e-03,-7.820727e-03
