1299622253,0,-4370,0,200,6000,,0.44,0.45,0.45
1299622283,0,-4370,6000,200,6000,,-2.821e-03,0.51,0.44
1299622313,0,-4370,12000,200,6000,,0.44,0.45,0.45
1299622343,0,-4370,18000,200,6000,,-6.097e-03,0.46,0.44
1299622373,0,-4370,24000,200,6000,,0.01,0.45,0.45
1299622403,0,-4370,30000,200,6000,,0.44,0.45,0.45
1299622433,0,-4370,36000,200,6000,,0.44,0.45,0.45
1299622463,0,-4370,42000,200,6000,,0.44,0.46,0.45
1299622493,0,-4370,48000,200,6000,,0.44,0.46,0.45
1299622523,0,-4370,54000,200,6000,,0.24,0.45,0.45
1299622553,0,-4370,60000,200,6000,,0.44,0.45,0.45
1299622583,0,-4370,66000,200,6000,,-7.007e-03,0.93,0.44
1299622613,0,-4370,72000,200,6000,,-5.733e-03,1.00,0.44
1299622643,0,-4370,78000,200,6000,,0.44,0.45,0.45
1299622673,0,-4370,84000,200,6000,,0.44,0.45,0.45
1299622703,0,-4370,90000,200,6000,,0.07,0.45,0.45
1299622733,0,-4370,96000,200,6000,,-5.369e-03,1.01,0.45
1299622763,0,-4370,102000,200,6000,,0.44,0.45,0.45
1299622793,0,-4370,108000,200,6000,,0.44,0.45,0.45
1299622823,0,-4370,114000,200,6000,,0.44,0.45,0.45
1299622853,0,-4370,120000,200,6000,,0.43,0.45,0.45
1299622883,0,-4370,126000,200,6000,,0.43,0.45,0.45
1299622913,0,-4370,132000,200,6000,,0.43,0.45,0.45
1299622943,0,-4370,138000,200,6000,,0.43,0.45,0.45
1299622973,0,-4370,144000,200,6000,,0.43,0.45,0.45
1299623003,0,-4370,150000,200,6000,,0.43,0.46,0.45
1299623033,0,-4370,156000,200,6000,,0.43,0.45,0.45
1299623063,0,-4370,162000,200,6000,,0.43,0.46,0.45
1299623093,0,-4370,168000,200,6000,,0.43,0.45,0.45
1299623123,0,-4370,174000,200,6000,,0.44,0.46,0.45
1299623153,0,-4370,180000,200,6000,,0.43,0.45,0.45
1299623183,0,-4370,186000,200,6000,,0.43,0.45,0.45
1299623213,0,-4370,192000,200,6000,,0.44,0.45,0.45
1299623243,0,-4370,198000,200,6000,,0.44,0.46,0.45
1299623273,0,-4370,204000,200,6000,,0.43,0.46,0.45
1299623303,0,-4370,210000,200,6000,,0.43,0.45,0.45
1299623333,0,-4370,216000,200,6000,,0.43,0.45,0.45
1299623363,0,-4370,222000,200,6000,,0.43,0.45,0.45
1299623393,0,-4370,228000,200,6000,,0.43,0.46,0.45
1299623423,0,-4370,234000,200,6000,,0.43,0.45,0.45
1299623453,0,-4370,240000,200,6000,,0.44,0.45,0.45
1299623483,0,-4370,246000,200,6000,,-6.279e-03,0.65,0.44
1299623513,0,-4370,252000,200,6000,,0.43,0.46,0.45
1299623543,0,-4370,258000,200,6000,,0.43,0.45,0.45
1299623573,0,-4370,264000,200,6000,,-0.01,0.65,0.44
1299623603,0,-4370,270000,200,6000,,0.43,0.45,0.45
1299623633,0,-4370,276000,200,6000,,0.43,0.46,0.45
1299623663,0,-4370,282000,200,6000,,-0.01,0.93,0.44
1299623693,0,-4370,288000,200,6000,,0.43,0.45,0.45
1299623723,0,-4370,294000,200,6000,,0.44,0.45,0.45
1299623753,0,-4370,300000,200,6000,,0.43,0.45,0.45
1299623783,0,-4370,306000,200,6000,,0.43,0.46,0.45
1299623813,0,-4370,312000,200,6000,,0.43,0.45,0.45
1299623843,0,-4370,318000,200,6000,,0.44,0.45,0.45
1299623873,0,-4370,324000,200,6000,,0.43,0.45,0.45
1299623903,0,-4370,330000,200,6000,,0.43,0.46,0.45
1299623933,0,-4370,336000,200,6000,,0.43,0.45,0.45
1299623963,0,-4370,342000,200,6000,,0.43,0.45,0.45
1299623993,0,-4370,348000,200,6000,,0.43,0.45,0.45
1299624023,0,-4370,354000,200,6000,,0.43,0.46,0.45
1299624053,0,-4370,360000,200,6000,,0.44,0.45,0.45
1299624083,0,-4370,366000,200,6000,,0.43,0.45,0.45
1299624113,0,-4370,372000,200,6000,,0.43,0.45,0.45
1299624143,0,-4370,378000,200,6000,,0.44,0.45,0.45
1299624173,0,-4370,384000,200,6000,,0.43,0.46,0.45
1299624203,0,-4370,390000,200,6000,,0.44,0.46,0.45
1299624233,0,-4370,396000,200,6000,,0.43,0.45,0.45
1299624263,0,-4370,402000,200,6000,,0.43,0.45,0.45
1299624293,0,-4370,408000,200,6000,,0.44,0.46,0.45
1299624323,0,-4370,414000,200,6000,,0.43,0.45,0.45
1299624353,0,-4370,420000,200,6000,,0.43,0.45,0.45
1299624383,0,-4370,426000,200,6000,,0.43,0.45,0.45
1299624413,0,-4370,432000,200,6000,,0.44,0.46,0.45
1299624443,0,-4370,438000,200,6000,,0.43,0.45,0.45
1299624473,0,-4370,444000,200,6000,,0.44,0.45,0.45
1299624503,0,-4370,450000,200,6000,,0.44,0.45,0.45
1299624533,0,-4370,456000,200,6000,,0.44,0.46,0.45
1299624563,0,-4370,462000,200,6000,,0.44,0.45,0.45
1299624593,0,-4370,468000,200,6000,,0.44,0.45,0.45
1299624623,0,-4370,474000,200,6000,,0.43,0.45,0.45
1299624653,0,-4370,480000,200,6000,,0.43,0.45,0.45
1299624683,0,-4370,486000,200,6000,,0.44,0.46,0.45
1299624713,0,-4370,492000,200,6000,,0.43,0.45,0.45
1299624743,0,-4370,498000,200,6000,,0.43,0.45,0.45
1299624773,0,-4370,504000,200,6000,,0.44,0.45,0.45
1299624803,0,-4370,510000,200,6000,,0.44,0.46,0.45
1299624833,0,-4370,516000,200,6000,,0.43,0.45,0.45
1299624863,0,-4370,522000,200,6000,,0.44,0.45,0.45
1299624893,0,-4370,528000,200,6000,,0.43,0.45,0.45
1299624923,0,-4370,534000,200,6000,,0.43,0.46,0.45
1299624953,0,-4370,540000,200,6000,,0.43,0.45,0.45
1299624983,0,-4370,546000,200,6000,,0.43,0.45,0.45
1299625013,0,-4370,552000,200,6000,,0.44,0.45,0.45
1299625043,0,-4370,558000,200,6000,,0.44,0.46,0.45
1299625073,0,-4370,564000,200,6000,,0.44,0.45,0.45
1299625103,0,-4370,570000,200,6000,,0.43,0.45,0.45
1299625133,0,-4370,576000,200,6000,,0.43,0.45,0.45
1299625163,0,-4370,582000,200,6000,,0.44,0.46,0.45
1299625193,0,-4370,588000,200,6000,,0.43,0.46,0.45
1299625223,0,-4370,594000,200,6000,,0.43,0.45,0.45
1299625253,0,-4370,600000,200,6000,,0.44,0.45,0.45
1299625283,0,-4370,606000,200,6000,,0.43,0.45,0.45
1299625313,0,-4370,612000,200,6000,,0.43,0.46,0.45
1299625343,0,-4370,618000,200,6000,,0.44,0.45,0.45
1299625373,0,-4370,624000,200,6000,,0.43,0.45,0.45
1299625403,0,-4370,630000,200,6000,,0.44,0.45,0.45
1299625433,0,-4370,636000,200,6000,,0.43,0.46,0.45
1299625463,0,-4370,642000,200,6000,,0.43,0.45,0.45
1299625493,0,-4370,648000,200,6000,,0.43,0.45,0.45
1299625523,0,-4370,654000,200,6000,,0.43,0.45,0.45
1299625553,0,-4370,660000,200,6000,,0.43,0.46,0.45
1299625583,0,-4370,666000,200,6000,,0.43,0.45,0.45
1299625613,0,-4370,672000,200,6000,,0.43,0.45,0.45
1299625643,0,-4370,678000,200,6000,,0.43,0.45,0.45
1299625673,0,-4370,684000,200,6000,,0.44,0.46,0.45
1299625703,0,-4370,690000,200,6000,,0.43,0.46,0.45
1299625733,0,-4370,696000,200,6000,,0.43,0.45,0.45
1299625763,0,-4370,702000,200,6000,,0.43,0.45,0.45
1299625793,0,-4370,708000,200,6000,,0.43,0.45,0.45
1299625823,0,-4370,714000,200,6000,,0.43,0.46,0.45
1299625853,0,-4370,720000,200,6000,,0.43,0.46,0.45
1299625883,0,-4370,726000,200,6000,,0.43,0.45,0.45
1299625913,0,-4370,732000,200,6000,,0.43,0.45,0.45
1299625943,0,-4370,738000,200,6000,,0.43,0.46,0.45
1299625973,0,-4370,744000,200,6000,,0.44,0.45,0.45
1299626003,0,-4370,750000,200,6000,,0.43,0.45,0.45
1299626033,0,-4370,756000,200,6000,,0.44,0.45,0.45
1299626063,0,-4370,762000,200,6000,,0.43,0.46,0.45
1299626093,0,-4370,768000,200,6000,,0.43,0.45,0.45
1299626123,0,-4370,774000,200,6000,,0.43,0.45,0.45
1299626153,0,-4370,780000,200,6000,,0.43,0.45,0.45
1299626183,0,-4370,786000,200,6000,,0.43,0.46,0.45
1299626213,0,-4370,792000,200,6000,,0.43,0.45,0.45
1299626243,0,-4370,798000,200,6000,,0.44,0.45,0.45
1299626273,0,-4370,804000,200,6000,,0.43,0.45,0.45
1299626303,0,-4370,810000,200,6000,,0.43,0.46,0.45
1299626333,0,-4370,816000,200,6000,,0.43,0.46,0.45
1299626363,0,-4370,822000,200,6000,,0.43,0.45,0.45
1299626393,0,-4370,828000,200,6000,,0.43,0.45,0.45
1299626423,0,-4370,834000,200,6000,,0.43,0.45,0.45
1299626453,0,-4370,840000,200,6000,,0.43,0.46,0.45
1299626483,0,-4370,846000,200,6000,,0.43,0.45,0.45
1299626513,0,-4370,852000,200,6000,,0.43,0.45,0.45
1299626543,0,-4370,858000,200,6000,,0.44,0.45,0.45
1299626573,0,-4370,864000,200,6000,,0.43,0.46,0.45
1299626603,0,-4370,870000,200,6000,,0.43,0.45,0.45
1299626633,0,-4370,876000,200,6000,,0.43,0.45,0.45
1299626663,0,-4370,882000,200,6000,,0.43,0.45,0.45
1299626693,0,-4370,888000,200,6000,,0.43,0.46,0.45
1299626723,0,-4370,894000,200,6000,,0.43,0.45,0.45
1299626753,0,-4370,900000,200,6000,,0.43,0.46,0.45
1299626783,0,-4370,906000,200,6000,,0.43,0.45,0.45
1299626813,0,-4370,912000,200,6000,,0.43,0.46,0.45
1299626843,0,-4370,918000,200,6000,,0.43,0.45,0.45
1299626873,0,-4370,924000,200,6000,,0.43,0.45,0.45
1299626903,0,-4370,930000,200,6000,,0.43,0.45,0.45
1299626933,0,-4370,936000,200,6000,,0.43,0.45,0.45
1299626963,0,-4370,942000,200,6000,,0.43,0.46,0.45
1299626993,0,-4370,948000,200,6000,,0.43,0.45,0.45
1299627023,0,-4370,954000,200,6000,,0.43,0.45,0.45
1299627053,0,-4370,960000,200,6000,,0.43,0.45,0.45
1299627083,0,-4370,966000,200,6000,,0.43,0.46,0.45
1299627113,0,-4370,972000,200,6000,,0.43,0.45,0.45
1299627143,0,-4370,978000,200,6000,,0.43,0.45,0.45
1299627173,0,-4370,984000,200,6000,,0.43,0.45,0.45
1299627203,0,-4370,990000,200,6000,,0.43,0.46,0.45
1299627233,0,-4370,996000,200,6000,,-0.01,0.46,0.26
1299627263,0,-4370,1002000,200,6000,,-0.01,-3.549e-03,-7.953324e-03
1299627293,0,-4370,1008000,200,6000,,-0.01,-4.004e-03,-7.952748e-03
1299627323,0,-4370,1014000,200,6000,,-0.01,2.275e-03,-7.952232e-03
1299627353,0,-4370,1020000,200,6000,,-0.01,-3.64e-03,-7.933471e-03
1299627383,0,-4370,1026000,200,6000,,-0.01,-3.822e-03,-7.959633e-03
1299627413,0,-4370,1032000,200,6000,,-0.01,-3.64e-03,-7.951838e-03
1299627443,0,-4370,1038000,200,6000,,-0.01,3.458e-03,-7.97568e-03
1299627473,0,-4370,1044000,200,6000,,-0.01,-4.186e-03,-7.957055e-03
1299627503,0,-4370,1050000,200,6000,,-0.01,-3.731e-03,-7.963182e-03
1299627533,0,-4370,1056000,200,6000,,-0.01,-3.731e-03,-7.953187e-03
1299627563,0,-4370,1062000,200,6000,,-0.01,-3.822e-03,-7.940858e-03
1299627593,0,-4370,1068000,200,6000,,-0.01,3.913e-03,-7.941646e-03
1299627623,0,-4370,1074000,200,6000,,-0.01,-3.913e-03,-7.947834e-03
1299627653,0,-4370,1080000,200,6000,,-0.01,-3.731e-03,-7.95613e-03
1299627683,0,-4370,1086000,200,6000,,-0.01,-3.822e-03,-7.964184e-03
1299627713,0,-4370,1092000,200,6000,,-0.01,2.912e-03,-7.969628e-03
1299627743,0,-4370,1098000,200,6000,,-0.01,-9.1e-05,-7.963592e-03
1299627773,0,-4370,1104000,200,6000,,-0.01,-4.095e-03,-7.976029e-03
1299627803,0,-4370,1110000,200,6000,,-0.01,-3.731e-03,-7.970205e-03
1299627833,0,-4370,1116000,200,6000,,-0.01,2.093e-03,-7.960361e-03
1299627863,0,-4370,1122000,200,6000,,-0.01,-4.368e-03,-7.987874e-03
1299627893,0,-4370,1128000,200,6000,,-0.01,-3.64e-03,-7.972009e-03
1299627923,0,-4370,1134000,200,6000,,-0.01,-3.367e-03,-7.987343e-03
1299627953,0,-4370,1140000,200,6000,,-0.01,2.184e-03,-7.976029e-03
1299627983,0,-4370,1146000,200,6000,,-0.01,-3.731e-03,-7.988541e-03
1299628013,0,-4370,1152000,200,6000,,-0.01,-3.731e-03,-8.006347e-03
1299628043,0,-4370,1158000,200,6000,,-0.01,-3.913e-03,-7.990103e-03
1299628073,0,-4370,1164000,200,6000,,-0.01,4.368e-03,-8.004436e-03
1299628103,0,-4370,1170000,200,6000,,-0.01,-8.19e-04,-8.007075e-03
1299628133,0,-4370,1176000,200,6000,,-0.01,-1.001e-03,-8.000023e-03
1299628163,0,-4370,1182000,200,6000,,-0.01,-4.459e-03,-7.998293e-03
1299628193,0,-4370,1188000,200,6000,,-0.01,-3.822e-03,-8.002101e-03
1299628223,0,-4370,1194000,200,6000,,-0.01,3.458e-03,-7.98754e-03
1299628253,0,-4370,1200000,200,6000,,-0.01,3.185e-03,-7.997656e-03
1299628283,0,-4370,1206000,200,6000,,-0.01,0.45,0.03
1299628313,0,-4370,1212000,200,6000,,-0.01,0.45,0.44
1299628343,0,-4370,1218000,200,6000,,0.43,0.46,0.45
1299628373,0,-4370,1224000,200,6000,,0.44,0.45,0.45
1299628403,0,-4370,1230000,200,6000,,0.44,0.45,0.45
1299628433,0,-4370,1236000,200,6000,,0.43,0.45,0.45
1299628463,0,-4370,1242000,200,6000,,0.44,0.46,0.45
1299628493,0,-4370,1248000,200,6000,,0.44,0.45,0.45
1299628523,0,-4370,1254000,200,6000,,0.44,0.45,0.45
1299628553,0,-4370,1260000,200,6000,,0.44,0.45,0.45
1299628583,0,-4370,1266000,200,6000,,0.43,0.46,0.45
1299628613,0,-4370,1272000,200,6000,,0.43,0.45,0.45
1299628643,0,-4370,1278000,200,6000,,0.44,0.45,0.45
1299628673,0,-4370,1284000,200,6000,,0.44,0.45,0.45
1299628703,0,-4370,1290000,200,6000,,0.43,0.46,0.45
1299628733,0,-4370,1296000,200,6000,,0.43,0.46,0.45
1299628763,0,-4370,1302000,200,6000,,0.43,0.45,0.45
1299628793,0,-4370,1308000,200,6000,,0.43,0.45,0.45
1299628823,0,-4370,1314000,200,6000,,0.44,0.45,0.45
1299628853,0,-4370,1320000,200,6000,,0.43,0.46,0.45
1299628883,0,-4370,1326000,200,6000,,0.43,0.45,0.45
1299628913,0,-4370,1332000,200,6000,,0.43,0.45,0.45
1299628943,0,-4370,1338000,200,6000,,0.43,0.45,0.45
1299628973,0,-4370,1344000,200,6000,,0.43,0.46,0.45
1299629003,0,-4370,1350000,200,6000,,0.43,0.45,0.45
1299629033,0,-4370,1356000,200,6000,,0.43,0.45,0.45
1299629063,0,-4370,1362000,200,6000,,0.43,0.45,0.45
1299629093,0,-4370,1368000,200,6000,,0.43,0.46,0.45
1299629123,0,-4370,1374000,200,6000,,0.43,0.45,0.45
1299629153,0,-4370,1380000,200,6000,,0.43,0.45,0.45
1299629183,0,-4370,1386000,200,6000,,0.43,0.45,0.45
1299629213,0,-4370,1392000,200,6000,,0.44,0.46,0.45
1299629243,0,-4370,1398000,200,6000,,0.43,0.45,0.45
1299629273,0,-4370,1404000,200,6000,,0.43,0.45,0.45
1299629303,0,-4370,1410000,200,6000,,0.43,0.45,0.45
1299629333,0,-4370,1416000,200,6000,,0.43,0.46,0.45
1299629363,0,-4370,1422000,200,6000,,0.43,0.45,0.45
1299629393,0,-4370,1428000,200,6000,,0.43,0.45,0.45
1299629423,0,-4370,1434000,200,6000,,0.43,0.45,0.45
1299629453,0,-4370,1440000,200,6000,,0.43,0.45,0.45
1299629483,0,-4370,1446000,200,6000,,0.44,0.46,0.45
1299629513,0,-4370,1452000,200,6000,,0.44,0.45,0.45
1299629543,0,-4370,1458000,200,6000,,0.43,0.45,0.45
1299629573,0,-4370,1464000,200,6000,,0.43,0.45,0.45
1299629603,0,-4370,1470000,200,6000,,0.44,0.46,0.45
1299629633,0,-4370,1476000,200,6000,,0.43,0.45,0.45
1299629663,0,-4370,1482000,200,6000,,0.43,0.45,0.45
1299629693,0,-4370,1488000,200,6000,,0.43,0.45,0.45
1299629723,0,-4370,1494000,200,6000,,0.43,0.46,0.45
1299629753,0,-4370,1500000,200,6000,,0.43,0.45,0.45
1299629783,0,-4370,1506000,200,6000,,0.43,0.45,0.45
1299629813,0,-4370,1512000,200,6000,,0.44,0.45,0.45
1299629843,0,-4370,1518000,200,6000,,0.43,0.46,0.45
1299629873,0,-4370,1524000,200,6000,,0.44,0.45,0.45
1299629903,0,-4370,1530000,200,6000,,0.44,0.45,0.45
1299629933,0,-4370,1536000,200,6000,,0.44,0.45,0.45
1299629963,0,-4370,1542000,200,6000,,0.44,0.45,0.45
1299629993,0,-4370,1548000,200,6000,,0.44,0.45,0.45
1299630023,0,-4370,1554000,200,6000,,0.44,0.45,0.45
1299630053,0,-4370,1560000,200,6000,,0.44,0.45,0.45
1299630083,0,-4370,1566000,200,6000,,0.44,0.46,0.45
1299630113,0,-4370,1572000,200,6000,,0.44,0.46,0.45
1299630143,0,-4370,1578000,200,6000,,0.44,0.45,0.45
1299630173,0,-4370,1584000,200,6000,,0.43,0.45,0.45
1299630203,0,-4370,1590000,200,6000,,0.44,0.45,0.45
1299630233,0,-4370,1596000,200,6000,,0.43,0.46,0.45
1299630263,0,-4370,1602000,200,6000,,0.43,0.45,0.45
1299630293,0,-4370,1608000,200,6000,,0.44,0.45,0.45
1299630323,0,-4370,1614000,200,6000,,0.44,0.45,0.45
1299630353,0,-4370,1620000,200,6000,,0.44,0.46,0.45
1299630383,0,-4370,1626000,200,6000,,0.44,0.45,0.45
1299630413,0,-4370,1632000,200,6000,,0.43,0.45,0.45
1299630443,0,-4370,1638000,200,6000,,0.44,0.45,0.45
1299630473,0,-4370,1644000,200,6000,,0.43,0.46,0.45
1299630503,0,-4370,1650000,200,6000,,0.44,0.45,0.45
1299630533,0,-4370,1656000,200,6000,,0.44,0.45,0.45
1299630563,0,-4370,1662000,200,6000,,0.44,0.45,0.45
1299630593,0,-4370,1668000,200,6000,,0.44,0.46,0.45
1299630623,0,-4370,1674000,200,6000,,0.43,0.45,0.45
1299630653,0,-4370,1680000,200,6000,,0.44,0.45,0.45
1299630683,0,-4370,1686000,200,6000,,0.44,0.45,0.45
1299630713,0,-4370,1692000,200,6000,,0.44,0.46,0.45
1299630743,0,-4370,1698000,200,6000,,0.44,0.45,0.45
1299630773,0,-4370,1704000,200,6000,,0.44,0.45,0.45
1299630803,0,-4370,1710000,200,6000,,0.44,0.45,0.45
1299630833,0,-4370,1716000,200,6000,,0.43,0.45,0.45
1299630863,0,-4370,1722000,200,6000,,0.44,0.46,0.45
1299630893,0,-4370,1728000,200,6000,,0.44,0.46,0.45
1299630923,0,-4370,1734000,200,6000,,0.43,0.45,0.45
1299630953,0,-4370,1740000,200,6000,,0.43,0.45,0.45
1299630983,0,-4370,1746000,200,6000,,0.43,0.46,0.45
1299631013,0,-4370,1752000,200,6000,,0.43,0.45,0.45
1299631043,0,-4370,1758000,200,6000,,0.44,0.45,0.45
1299631073,0,-4370,1764000,200,6000,,0.43,0.45,0.45
1299631103,0,-4370,1770000,200,6000,,-0.01,0.66,0.30
1299631133,0,-4370,1776000,200,6000,,0.65,0.67,0.67
1299631163,0,-4370,1782000,200,6000,,0.66,0.67,0.67
1299631193,0,-4370,1788000,200,6000,,0.66,0.67,0.67
1299631223,0,-4370,1794000,200,6000,,0.66,0.68,0.67
1299631253,0,-4370,1800000,200,6000,,0.66,0.67,0.67
1299631283,0,-4370,1806000,200,6000,,0.66,0.67,0.67
1299631313,0,-4370,1812000,200,6000,,0.66,0.67,0.67
1299631343,0,-4370,1818000,200,6000,,0.66,0.68,0.67
1299631373,0,-4370,1824000,200,6000,,0.66,0.67,0.67
1299631403,0,-4370,1830000,200,6000,,0.66,0.67,0.67
1299631433,0,-4370,1836000,200,6000,,0.66,0.67,0.67
1299631463,0,-4370,1842000,200,6000,,0.66,0.67,0.67
1299631493,0,-4370,1848000,200,6000,,0.66,0.68,0.67
1299631523,0,-4370,1854000,200,6000,,0.66,0.67,0.67
1299631553,0,-4370,1860000,200,6000,,0.66,0.67,0.67
1299631583,0,-4370,1866000,200,6000,,0.66,0.67,0.67
1299631613,0,-4370,1872000,200,6000,,0.66,0.68,0.67
1299631643,0,-4370,1878000,200,6000,,0.66,0.67,0.67
1299631673,0,-4370,1884000,200,6000,,0.66,0.67,0.67
1299631703,0,-4370,1890000,200,6000,,0.66,0.67,0.67
1299631733,0,-4370,1896000,200,6000,,0.66,0.68,0.67
1299631763,0,-4370,1902000,200,6000,,0.66,0.67,0.67
1299631793,0,-4370,1908000,200,6000,,0.66,0.67,0.67
1299631823,0,-4370,1914000,200,6000,,0.66,0.67,0.67
1299631853,0,-4370,1920000,200,6000,,0.66,0.68,0.67
1299631883,0,-4370,1926000,200,6000,,0.66,0.67,0.67
1299631913,0,-4370,1932000,200,6000,,0.66,0.67,0.67
1299631943,0,-4370,1938000,200,6000,,0.66,0.67,0.67
1299631973,0,-4370,1944000,200,6000,,0.66,0.68,0.67
1299632003,0,-4370,1950000,200,6000,,0.66,0.67,0.67
1299632033,0,-4370,1956000,200,6000,,0.66,0.67,0.67
1299632063,0,-4370,1962000,200,6000,,0.66,0.67,0.67
1299632093,0,-4370,1968000,200,6000,,0.66,0.68,0.67
1299632123,0,-4370,1974000,200,6000,,0.66,0.68,0.67
1299632153,0,-4370,1980000,200,6000,,0.66,0.67,0.67
1299632183,0,-4370,1986000,200,6000,,0.66,0.67,0.67
1299632213,0,-4370,1992000,200,6000,,0.66,0.67,0.67
1299632243,0,-4370,1998000,200,6000,,0.66,0.68,0.67
1299632273,0,-4370,2004000,200,6000,,0.66,0.67,0.67
1299632303,0,-4370,2010000,200,6000,,0.66,0.67,0.67
1299632333,0,-4370,2016000,200,6000,,0.66,0.67,0.67
1299632363,0,-4370,2022000,200,6000,,0.66,0.68,0.67
1299632393,0,-4370,2028000,200,6000,,-0.01,0.67,0.31
1299632423,0,-4370,2034000,200,6000,,-0.01,0.47,0.33
1299632453,0,-4370,2040000,200,6000,,0.43,0.45,0.45
1299632483,0,-4370,2046000,200,6000,,0.43,0.46,0.45
1299632513,0,-4370,2052000,200,6000,,0.43,0.45,0.45
1299632543,0,-4370,2058000,200,6000,,0.44,0.45,0.45
1299632573,0,-4370,2064000,200,6000,,0.43,0.45,0.45
1299632603,0,-4370,2070000,200,6000,,0.43,0.46,0.45
1299632633,0,-4370,2076000,200,6000,,0.43,0.45,0.45
1299632663,0,-4370,2082000,200,6000,,0.43,0.45,0.45
1299632693,0,-4370,2088000,200,6000,,0.44,0.45,0.45
1299632723,0,-4370,2094000,200,6000,,0.43,0.46,0.45
1299632753,0,-4370,2100000,200,6000,,0.43,0.45,0.45
1299632783,0,-4370,2106000,200,6000,,0.43,0.45,0.45
1299632813,0,-4370,2112000,200,6000,,0.43,0.45,0.45
1299632843,0,-4370,2118000,200,6000,,0.44,0.46,0.45
1299632873,0,-4370,2124000,200,6000,,0.43,0.45,0.45
1299632903,0,-4370,2130000,200,6000,,0.43,0.45,0.45
1299632933,0,-4370,2136000,200,6000,,0.44,0.45,0.45
1299632963,0,-4370,2142000,200,6000,,0.43,0.45,0.45
1299632993,0,-4370,2148000,200,6000,,0.44,0.46,0.45
1299633023,0,-4370,2154000,200,6000,,0.44,0.45,0.45
1299633053,0,-4370,2160000,200,6000,,0.44,0.45,0.45
1299633083,0,-4370,2166000,200,6000,,0.44,0.45,0.45
1299633113,0,-4370,2172000,200,6000,,-0.01,0.45,0.23
1299633143,0,-4370,2178000,200,6000,,-0.01,-4.277e-03,-8.091568e-03
1299633173,0,-4370,2184000,200,6000,,-0.01,-1.365e-03,-8.08629e-03
1299633203,0,-4370,2190000,200,6000,,-0.01,-4.095e-03,-8.092236e-03
1299633233,0,-4370,2196000,200,6000,,-0.01,2.093e-03,-8.077373e-03
1299633263,0,-4370,2202000,200,6000,,-0.01,-4.368e-03,-8.086639e-03
1299633293,0,-4370,2208000,200,6000,,-0.01,0.23,-8.02165e-03
1299633323,0,-4370,2214000,200,6000,,-0.01,-4.277e-03,-8.114167e-03
1299633353,0,-4370,2220000,200,6000,,-0.01,3.185e-03,-8.101457e-03
1299633383,0,-4370,2226000,200,6000,,-0.01,-4.55e-03,-8.083378e-03
1299633413,0,-4370,2232000,200,6000,,-0.01,2.093e-03,-8.108707e-03
1299633443,0,-4370,2238000,200,6000,,-0.01,-4.095e-03,-8.078753e-03
1299633473,0,-4370,2244000,200,6000,,-0.01,1.365e-03,-8.087079e-03
1299633503,0,-4370,2250000,200,6000,,-0.01,-1.274e-03,-8.079496e-03
1299633533,0,-4370,2256000,200,6000,,-0.01,-4.459e-03,-8.09266e-03
1299633563,0,-4370,2262000,200,6000,,-0.01,-3.731e-03,-8.079723e-03
1299633593,0,-4370,2268000,200,6000,,-0.01,-4.277e-03,-8.072943e-03
1299633623,0,-4370,2274000,200,6000,,-0.01,4.277e-03,-8.102776e-03
1299633653,0,-4370,2280000,200,6000,,-0.01,-3.822e-03,-8.079951e-03
1299633683,0,-4370,2286000,200,6000,,-0.01,-3.731e-03,-8.084227e-03
1299633713,0,-4370,2292000,200,6000,,-0.01,0.45,0.05
1299633743,0,-4370,2298000,200,6000,,-0.01,0.45,0.18
1299633773,0,-4370,2304000,200,6000,,0.23,0.45,0.25
1299633803,0,-4370,2310000,200,6000,,0.23,0.45,0.24
1299633833,0,-4370,2316000,200,6000,,0.23,0.45,0.24
1299633863,0,-4370,2322000,200,6000,,0.23,0.25,0.24
1299633893,0,-4370,2328000,200,6000,,0.23,0.24,0.24
1299633923,0,-4370,2334000,200,6000,,0.23,0.24,0.24
1299633953,0,-4370,2340000,200,6000,,0.23,0.45,0.24
1299633983,0,-4370,2346000,200,6000,,0.23,0.25,0.24
1299634013,0,-4370,2352000,200,6000,,0.23,0.24,0.24
1299634043,0,-4370,2358000,200,6000,,0.23,0.45,0.24
1299634073,0,-4370,2364000,200,6000,,0.23,0.24,0.24
1299634103,0,-4370,2370000,200,6000,,0.23,0.25,0.24
1299634133,0,-4370,2376000,200,6000,,0.23,0.24,0.24
1299634163,0,-4370,2382000,200,6000,,0.23,0.24,0.24
1299634193,0,-4370,2388000,200,6000,,0.23,0.24,0.24
1299634223,0,-4370,2394000,200,6000,,0.23,0.45,0.25
1299634253,0,-4370,2400000,200,6000,,0.23,0.45,0.26
1299634283,0,-4370,2406000,200,6000,,0.23,0.24,0.24
1299634313,0,-4370,2412000,200,6000,,0.23,0.24,0.24
1299634343,0,-4370,2418000,200,6000,,0.23,0.45,0.24
1299634373,0,-4370,2424000,200,6000,,0.23,0.25,0.24
1299634403,0,-4370,2430000,200,6000,,0.23,0.45,0.24
1299634433,0,-4370,2436000,200,6000,,0.23,0.45,0.24
1299634463,0,-4370,2442000,200,6000,,0.23,0.45,0.25
1299634493,0,-4370,2448000,200,6000,,0.23,0.46,0.26
1299634523,0,-4370,2454000,200,6000,,0.23,0.45,0.25
1299634553,0,-4370,2460000,200,6000,,0.23,0.45,0.25
1299634583,0,-4370,2466000,200,6000,,0.23,0.45,0.25
1299634613,0,-4370,2472000,200,6000,,0.23,0.45,0.25
1299634643,0,-4370,2478000,200,6000,,0.23,0.45,0.24
1299634673,0,-4370,2484000,200,6000,,0.23,0.45,0.24
1299634703,0,-4370,2490000,200,6000,,0.23,0.45,0.24
1299634733,0,-4370,2496000,200,6000,,0.23,0.45,0.24
1299634763,0,-4370,2502000,200,6000,,0.23,0.45,0.25
1299634793,0,-4370,2508000,200,6000,,0.23,0.45,0.24
1299634823,0,-4370,2514000,200,6000,,0.23,0.45,0.24
1299634853,0,-4370,2520000,200,6000,,0.23,0.45,0.24
1299634883,0,-4370,2526000,200,6000,,0.23,0.45,0.24
1299634913,0,-4370,2532000,200,6000,,0.23,0.45,0.24
1299634943,0,-4370,2538000,200,6000,,0.23,0.45,0.24
1299634973,0,-4370,2544000,200,6000,,0.23,0.45,0.24
1299635003,0,-4370,2550000,200,6000,,0.23,0.45,0.24
1299635033,0,-4370,2556000,200,6000,,0.23,0.45,0.24
1299635063,0,-4370,2562000,200,6000,,0.23,0.45,0.24
1299635093,0,-4370,2568000,200,6000,,0.23,0.45,0.24
1299635123,0,-4370,2574000,200,6000,,0.23,0.45,0.24
1299635153,0,-4370,2580000,200,6000,,0.23,0.45,0.24
1299635183,0,-4370,2586000,200,6000,,0.23,0.45,0.24
1299635213,0,-4370,2592000,200,6000,,0.23,0.45,0.24
1299635243,0,-4370,2598000,200,6000,,0.23,0.45,0.24
1299635273,0,-4370,2604000,200,6000,,0.23,0.45,0.24
1299635303,0,-4370,2610000,200,6000,,-0.01,0.60,0.21
1299635333,0,-4370,2616000,200,6000,,0.23,0.24,0.24
1299635363,0,-4370,2622000,200,6000,,-0.01,0.24,0.14
1299635393,0,-4370,2628000,200,6000,,-0.01,0.24,0.22
1299635423,0,-4370,2634000,200,6000,,-0.01,0.24,0.24
1299635453,0,-4370,2640000,200,6000,,0.23,0.24,0.24
1299635483,0,-4370,2646000,200,6000,,0.23,0.25,0.24
1299635513,0,-4370,2652000,200,6000,,0.23,0.24,0.24
1299635543,0,-4370,2658000,200,6000,,0.23,0.24,0.24
1299635573,0,-4370,2664000,200,6000,,0.23,0.24,0.24
1299635603,0,-4370,2670000,200,6000,,0.23,0.24,0.24
1299635633,0,-4370,2676000,200,6000,,0.23,0.25,0.24
1299635663,0,-4370,2682000,200,6000,,0.23,0.24,0.24
1299635693,0,-4370,2688000,200,6000,,0.23,0.24,0.24
1299635723,0,-4370,2694000,200,6000,,0.23,0.24,0.24
1299635753,0,-4370,2700000,200,6000,,0.23,0.25,0.24
1299635783,0,-4370,2706000,200,6000,,0.23,0.24,0.24
1299635813,0,-4370,2712000,200,6000,,0.23,0.24,0.24
1299635843,0,-4370,2718000,200,6000,,0.23,0.24,0.24
1299635873,0,-4370,2724000,200,6000,,0.23,0.25,0.24
1299635903,0,-4370,2730000,200,6000,,0.23,0.24,0.24
1299635933,0,-4370,2736000,200,6000,,0.23,0.24,0.24
1299635963,0,-4370,2742000,200,6000,,0.23,0.24,0.24
1299635993,0,-4370,2748000,200,6000,,0.23,0.25,0.24
1299636023,0,-4370,2754000,200,6000,,0.23,0.24,0.24
1299636053,0,-4370,2760000,200,6000,,0.23,0.24,0.24
1299636083,0,-4370,2766000,200,6000,,0.23,0.24,0.24
1299636113,0,-4370,2772000,200,6000,,0.23,0.25,0.24
1299636143,0,-4370,2778000,200,6000,,0.23,0.24,0.24
1299636173,0,-4370,2784000,200,6000,,0.23,0.25,0.24
1299636203,0,-4370,2790000,200,6000,,0.23,0.24,0.24
1299636233,0,-4370,2796000,200,6000,,0.23,0.25,0.24
1299636263,0,-4370,2802000,200,6000,,0.23,0.24,0.24
1299636293,0,-4370,2808000,200,6000,,0.23,0.24,0.24
1299636323,0,-4370,2814000,200,6000,,0.23,0.24,0.24
1299636353,0,-4370,2820000,200,6000,,0.23,0.24,0.24
1299636383,0,-4370,2826000,200,6000,,0.23,0.25,0.24
1299636413,0,-4370,2832000,200,6000,,0.23,0.25,0.24
1299636443,0,-4370,2838000,200,6000,,0.23,0.24,0.24
1299636473,0,-4370,2844000,200,6000,,0.23,0.24,0.24
1299636503,0,-4370,2850000,200,6000,,0.23,0.25,0.24
1299636533,0,-4370,2856000,200,6000,,0.23,0.24,0.24
1299636563,0,-4370,2862000,200,6000,,0.23,0.24,0.24
1299636593,0,-4370,2868000,200,6000,,0.23,0.24,0.24
1299636623,0,-4370,2874000,200,6000,,0.23,0.25,0.24
1299636653,0,-4370,2880000,200,6000,,0.23,0.24,0.24
1299636683,0,-4370,2886000,200,6000,,0.23,0.24,0.24
1299636713,0,-4370,2892000,200,6000,,0.23,0.24,0.24
1299636743,0,-4370,2898000,200,6000,,0.23,0.25,0.24
1299636773,0,-4370,2904000,200,6000,,0.23,0.24,0.24
1299636803,0,-4370,2910000,200,6000,,0.23,0.24,0.24
1299636833,0,-4370,2916000,200,6000,,0.23,0.24,0.24
1299636863,0,-4370,2922000,200,6000,,0.23,0.25,0.24
1299636893,0,-4370,2928000,200,6000,,0.23,0.24,0.24
1299636923,0,-4370,2934000,200,6000,,0.23,0.24,0.24
1299636953,0,-4370,2940000,200,6000,,0.23,0.24,0.24
1299636983,0,-4370,2946000,200,6000,,0.23,0.25,0.24
1299637013,0,-4370,2952000,200,6000,,0.23,0.25,0.24
1299637043,0,-4370,2958000,200,6000,,0.23,0.24,0.24
1299637073,0,-4370,2964000,200,6000,,0.23,0.24,0.24
1299637103,0,-4370,2970000,200,6000,,0.23,0.24,0.24
1299637133,0,-4370,2976000,200,6000,,0.23,0.25,0.24
1299637163,0,-4370,2982000,200,6000,,0.23,0.24,0.24
1299637193,0,-4370,2988000,200,6000,,0.23,0.24,0.24
1299637223,0,-4370,2994000,200,6000,,0.23,0.24,0.24
1299637253,0,-4370,3000000,200,6000,,0.23,0.25,0.24
1299637283,0,-4370,3006000,200,6000,,0.23,0.24,0.24
1299637313,0,-4370,3012000,200,6000,,0.23,0.24,0.24
1299637343,0,-4370,3018000,200,6000,,0.23,0.24,0.24
1299637373,0,-4370,3024000,200,6000,,0.23,0.25,0.24
1299637403,0,-4370,3030000,200,6000,,0.23,0.24,0.24
1299637433,0,-4370,3036000,200,6000,,0.23,0.24,0.24
1299637463,0,-4370,3042000,200,6000,,0.23,0.24,0.24
1299637493,0,-4370,3048000,200,6000,,0.23,0.25,0.24
1299637523,0,-4370,3054000,200,6000,,0.23,0.24,0.24
1299637553,0,-4370,3060000,200,6000,,0.23,0.24,0.24
1299637583,0,-4370,3066000,200,6000,,0.23,0.24,0.24
1299637613,0,-4370,3072000,200,6000,,0.23,0.25,0.24
1299637643,0,-4370,3078000,200,6000,,0.23,0.25,0.24
1299637673,0,-4370,3084000,200,6000,,0.23,0.25,0.24
1299637703,0,-4370,3090000,200,6000,,0.23,0.24,0.24
1299637733,0,-4370,3096000,200,6000,,0.23,0.24,0.24
1299637763,0,-4370,3102000,200,6000,,0.23,0.25,0.24
1299637793,0,-4370,3108000,200,6000,,0.23,0.24,0.24
1299637823,0,-4370,3114000,200,6000,,0.23,0.24,0.24
1299637853,0,-4370,3120000,200,6000,,0.23,0.24,0.24
1299637883,0,-4370,3126000,200,6000,,0.23,0.25,0.24
1299637913,0,-4370,3132000,200,6000,,0.23,0.25,0.24
1299637943,0,-4370,3138000,200,6000,,0.23,0.25,0.24
1299637973,0,-4370,3144000,200,6000,,0.23,0.24,0.24
1299638003,0,-4370,3150000,200,6000,,0.23,0.25,0.24
1299638033,0,-4370,3156000,200,6000,,0.23,0.24,0.24
1299638063,0,-4370,3162000,200,6000,,0.23,0.24,0.24
1299638093,0,-4370,3168000,200,6000,,0.23,0.25,0.24
1299638123,0,-4370,3174000,200,6000,,0.23,0.25,0.24
1299638153,0,-4370,3180000,200,6000,,0.23,0.24,0.24
1299638183,0,-4370,3186000,200,6000,,0.23,0.24,0.24
1299638213,0,-4370,3192000,200,6000,,0.23,0.24,0.24
1299638243,0,-4370,3198000,200,6000,,0.23,0.25,0.24
1299638273,0,-4370,3204000,200,6000,,0.23,0.24,0.24
1299638303,0,-4370,3210000,200,6000,,0.23,0.24,0.24
1299638333,0,-4370,3216000,200,6000,,0.23,0.24,0.24
1299638363,0,-4370,3222000,200,6000,,0.23,0.24,0.24
1299638393,0,-4370,3228000,200,6000,,0.23,0.25,0.24
1299638423,0,-4370,3234000,200,6000,,0.23,0.24,0.24
1299638453,0,-4370,3240000,200,6000,,0.23,0.24,0.24
1299638483,0,-4370,3246000,200,6000,,0.23,0.24,0.24
1299638513,0,-4370,3252000,200,6000,,0.23,0.25,0.24
1299638543,0,-4370,3258000,200,6000,,0.23,0.24,0.24
1299638573,0,-4370,3264000,200,6000,,0.23,0.24,0.24
1299638603,0,-4370,3270000,200,6000,,-0.01,0.24,0.21
1299638633,0,-4370,3276000,200,6000,,0.23,0.25,0.24
1299638663,0,-4370,3282000,200,6000,,0.23,0.24,0.24
1299638693,0,-4370,3288000,200,6000,,0.23,0.24,0.24
1299638723,0,-4370,3294000,200,6000,,0.23,0.24,0.24
1299638753,0,-4370,3300000,200,6000,,0.23,0.25,0.24
1299638783,0,-4370,3306000,200,6000,,0.23,0.24,0.24
1299638813,0,-4370,3312000,200,6000,,0.23,0.25,0.24
1299638843,0,-4370,3318000,200,6000,,0.23,0.24,0.24
1299638873,0,-4370,3324000,200,6000,,0.23,0.25,0.24
1299638903,0,-4370,3330000,200,6000,,0.23,0.24,0.24
1299638933,0,-4370,3336000,200,6000,,0.23,0.24,0.24
1299638963,0,-4370,3342000,200,6000,,0.23,0.24,0.24
1299638993,0,-4370,3348000,200,6000,,0.23,0.25,0.24
1299639023,0,-4370,3354000,200,6000,,0.23,0.25,0.24
1299639053,0,-4370,3360000,200,6000,,0.23,0.24,0.24
1299639083,0,-4370,3366000,200,6000,,0.23,0.24,0.24
1299639113,0,-4370,3372000,200,6000,,0.23,0.24,0.24
1299639143,0,-4370,3378000,200,6000,,0.23,0.25,0.24
1299639173,0,-4370,3384000,200,6000,,0.23,0.24,0.24
1299639203,0,-4370,3390000,200,6000,,0.23,0.24,0.24
1299639233,0,-4370,3396000,200,6000,,0.23,0.24,0.24
1299639263,0,-4370,3402000,200,6000,,0.23,0.25,0.24
1299639293,0,-4370,3408000,200,6000,,0.23,0.24,0.24
1299639323,0,-4370,3414000,200,6000,,0.23,0.24,0.24
1299639353,0,-4370,3420000,200,6000,,0.23,0.24,0.24
1299639383,0,-4370,3426000,200,6000,,0.23,0.25,0.24
1299639413,0,-4370,3432000,200,6000,,0.23,0.24,0.24
1299639443,0,-4370,3438000,200,6000,,0.23,0.24,0.24
1299639473,0,-4370,3444000,200,6000,,0.23,0.24,0.24
1299639503,0,-4370,3450000,200,6000,,0.23,0.25,0.24
1299639533,0,-4370,3456000,200,6000,,0.23,0.24,0.24
1299639563,0,-4370,3462000,200,6000,,0.23,0.24,0.24
1299639593,0,-4370,3468000,200,6000,,0.23,0.24,0.24
1299639623,0,-4370,3474000,200,6000,,0.23,0.25,0.24
1299639653,0,-4370,3480000,200,6000,,0.23,0.24,0.24
1299639683,0,-4370,3486000,200,6000,,0.23,0.24,0.24
1299639713,0,-4370,3492000,200,6000,,0.23,0.25,0.24
1299639743,0,-4370,3498000,200,6000,,0.23,0.24,0.24
1299639773,0,-4370,3504000,200,6000,,0.23,0.25,0.24
1299639803,0,-4370,3510000,200,6000,,0.23,0.24,0.24
1299639833,0,-4370,3516000,200,6000,,0.23,0.24,0.24
1299639863,0,-4370,3522000,200,6000,,0.23,0.24,0.24
1299639893,0,-4370,3528000,200,6000,,0.23,0.25,0.24
1299639923,0,-4370,3534000,200,6000,,0.23,0.24,0.24
1299639953,0,-4370,3540000,200,6000,,0.23,0.24,0.24
1299639983,0,-4370,3546000,200,6000,,0.23,0.24,0.24
1299640013,0,-4370,3552000,200,6000,,0.23,0.25,0.24
1299640043,0,-4370,3558000,200,6000,,0.23,0.24,0.24
1299640073,0,-4370,3564000,200,6000,,0.23,0.24,0.24
1299640103,0,-4370,3570000,200,6000,,0.23,0.24,0.24
1299640133,0,-4370,3576000,200,6000,,0.23,0.25,0.24
1299640163,0,-4370,3582000,200,6000,,0.23,0.24,0.24
1299640193,0,-4370,3588000,200,6000,,0.23,0.24,0.24
1299640223,0,-4370,3594000,200,6000,,0.23,0.24,0.24
1299640253,0,-4370,3600000,200,6000,,0.23,0.25,0.24
1299640283,0,-4370,3606000,200,6000,,0.23,0.24,0.24
1299640313,0,-4370,3612000,200,6000,,0.23,0.24,0.24
1299640343,0,-4370,3618000,200,6000,,0.23,0.24,0.24
1299640373,0,-4370,3624000,200,6000,,0.23,0.25,0.24
1299640403,0,-4370,3630000,200,6000,,0.23,0.24,0.24
1299640433,0,-4370,3636000,200,6000,,0.23,0.24,0.24
1299640463,0,-4370,3642000,200,6000,,0.23,0.24,0.24
1299640493,0,-4370,3648000,200,6000,,-0.01,0.43,0.23
1299640523,0,-4370,3654000,200,6000,,0.23,0.25,0.24
1299640553,0,-4370,3660000,200,6000,,0.23,0.24,0.24
1299640583,0,-4370,3666000,200,6000,,0.23,0.24,0.24
1299640613,0,-4370,3672000,200,6000,,0.23,0.24,0.24
1299640643,0,-4370,3678000,200,6000,,0.23,0.25,0.24
1299640673,0,-4370,3684000,200,6000,,0.23,0.25,0.24
1299640703,0,-4370,3690000,200,6000,,0.23,0.24,0.24
1299640733,0,-4370,3696000,200,6000,,0.23,0.24,0.24
1299640763,0,-4370,3702000,200,6000,,0.23,0.25,0.24
1299640793,0,-4370,3708000,200,6000,,0.23,0.24,0.24
1299640823,0,-4370,3714000,200,6000,,0.23,0.24,0.24
1299640853,0,-4370,3720000,200,6000,,0.23,0.24,0.24
1299640883,0,-4370,3726000,200,6000,,0.23,0.25,0.24
1299640913,0,-4370,3732000,200,6000,,0.23,0.24,0.24
1299640943,0,-4370,3738000,200,6000,,0.23,0.24,0.24
1299640973,0,-4370,3744000,200,6000,,0.23,0.24,0.24
1299641003,0,-4370,3750000,200,6000,,0.23,0.25,0.24
1299641033,0,-4370,3756000,200,6000,,0.23,0.24,0.24
1299641063,0,-4370,3762000,200,6000,,0.23,0.24,0.24
1299641093,0,-4370,3768000,200,6000,,0.23,0.24,0.24
1299641123,0,-4370,3774000,200,6000,,0.23,0.25,0.24
1299641153,0,-4370,3780000,200,6000,,0.23,0.25,0.24
1299641183,0,-4370,3786000,200,6000,,0.23,0.24,0.24
1299641213,0,-4370,3792000,200,6000,,0.23,0.24,0.24
1299641243,0,-4370,3798000,200,6000,,0.23,0.24,0.24
1299641273,0,-4370,3804000,200,6000,,0.23,0.25,0.24
1299641303,0,-4370,3810000,200,6000,,0.23,0.24,0.24
1299641333,0,-4370,3816000,200,6000,,0.23,0.24,0.24
1299641363,0,-4370,3822000,200,6000,,0.23,0.24,0.24
1299641393,0,-4370,3828000,200,6000,,0.23,0.25,0.24
1299641423,0,-4370,3834000,200,6000,,0.23,0.24,0.24
1299641453,0,-4370,3840000,200,6000,,0.23,0.24,0.24
1299641483,0,-4370,3846000,200,6000,,0.23,0.24,0.24
1299641513,0,-4370,3852000,200,6000,,0.23,0.25,0.24
1299641543,0,-4370,3858000,200,6000,,0.23,0.24,0.24
1299641573,0,-4370,3864000,200,6000,,0.23,0.24,0.24
1299641603,0,-4370,3870000,200,6000,,0.23,0.25,0.24
1299641633,0,-4370,3876000,200,6000,,0.23,0.25,0.24
1299641663,0,-4370,3882000,200,6000,,0.23,0.24,0.24
1299641693,0,-4370,3888000,200,6000,,0.23,0.24,0.24
1299641723,0,-4370,3894000,200,6000,,0.23,0.24,0.24
1299641753,0,-4370,3900000,200,6000,,0.23,0.25,0.24
1299641783,0,-4370,3906000,200,6000,,0.23,0.24,0.24
1299641813,0,-4370,3912000,200,6000,,0.23,0.24,0.24
1299641843,0,-4370,3918000,200,6000,,0.23,0.24,0.24
1299641873,0,-4370,3924000,200,6000,,0.23,0.24,0.24
1299641903,0,-4370,3930000,200,6000,,0.23,0.25,0.24
1299641933,0,-4370,3936000,200,6000,,0.23,0.24,0.24
1299641963,0,-4370,3942000,200,6000,,0.23,0.24,0.24
1299641993,0,-4370,3948000,200,6000,,0.23,0.24,0.24
1299642023,0,-4370,3954000,200,6000,,0.23,0.24,0.24
1299642053,0,-4370,3960000,200,6000,,0.23,0.24,0.24
1299642083,0,-4370,3966000,200,6000,,0.23,0.24,0.24
1299642113,0,-4370,3972000,200,6000,,0.23,0.24,0.24
1299642143,0,-4370,3978000,200,6000,,0.23,0.25,0.24
1299642173,0,-4370,3984000,200,6000,,0.23,0.24,0.24
1299642203,0,-4370,3990000,200,6000,,0.23,0.24,0.24
1299642233,0,-4370,3996000,200,6000,,0.23,0.24,0.24
1299642263,0,-4370,4002000,200,6000,,0.23,0.25,0.24
1299642293,0,-4370,4008000,200,6000,,0.23,0.24,0.24
1299642323,0,-4370,4014000,200,6000,,0.23,0.24,0.24
1299642353,0,-4370,4020000,200,6000,,0.23,0.24,0.24
1299642383,0,-4370,4026000,200,6000,,0.23,0.25,0.24
1299642413,0,-4370,4032000,200,6000,,0.23,0.24,0.24
1299642443,0,-4370,4038000,200,6000,,0.23,0.25,0.24
1299642473,0,-4370,4044000,200,6000,,0.23,0.24,0.24
1299642503,0,-4370,4050000,200,6000,,0.23,0.25,0.24
1299642533,0,-4370,4056000,200,6000,,0.23,0.25,0.24
1299642563,0,-4370,4062000,200,6000,,0.23,0.24,0.24
1299642593,0,-4370,4068000,200,6000,,0.23,0.24,0.24
1299642623,0,-4370,4074000,200,6000,,0.23,0.24,0.24
1299642653,0,-4370,4080000,200,6000,,0.23,0.25,0.24
1299642683,0,-4370,4086000,200,6000,,0.23,0.24,0.24
1299642713,0,-4370,4092000,200,6000,,0.23,0.24,0.24
1299642743,0,-4370,4098000,200,6000,,0.23,0.24,0.24
1299642773,0,-4370,4104000,200,6000,,0.23,0.25,0.24
1299642803,0,-4370,4110000,200,6000,,0.23,0.24,0.24
1299642833,0,-4370,4116000,200,6000,,0.23,0.24,0.24
1299642863,0,-4370,4122000,200,6000,,0.23,0.24,0.24
1299642893,0,-4370,4128000,200,6000,,0.23,0.25,0.24
1299642923,0,-4370,4134000,200,6000,,0.23,0.24,0.24
1299642953,0,-4370,4140000,200,6000,,0.23,0.24,0.24
1299642983,0,-4370,4146000,200,6000,,0.23,0.24,0.24
1299643013,0,-4370,4152000,200,6000,,0.23,0.25,0.24
1299643043,0,-4370,4158000,200,6000,,0.23,0.24,0.24
1299643073,0,-4370,4164000,200,6000,,0.23,0.24,0.24
1299643103,0,-4370,4170000,200,6000,,0.23,0.24,0.24
1299643133,0,-4370,4176000,200,6000,,0.23,0.25,0.24
1299643163,0,-4370,4182000,200,6000,,0.23,0.24,0.24
1299643193,0,-4370,4188000,200,6000,,0.23,0.45,0.24
1299643223,0,-4370,4194000,200,6000,,-0.01,0.45,0.25
1299643253,0,-4370,4200000,200,6000,,0.23,0.24,0.24
1299643283,0,-4370,4206000,200,6000,,0.23,0.25,0.24
1299643313,0,-4370,4212000,200,6000,,0.23,0.24,0.24
1299643343,0,-4370,4218000,200,6000,,0.23,0.24,0.24
1299643373,0,-4370,4224000,200,6000,,0.23,0.24,0.24
1299643403,0,-4370,4230000,200,6000,,-0.01,0.25,0.24
1299643433,0,-4370,4236000,200,6000,,-0.01,0.45,0.41
1299643463,0,-4370,4242000,200,6000,,0.44,0.45,0.45
1299643493,0,-4370,4248000,200,6000,,0.44,0.45,0.45
1299643523,0,-4370,4254000,200,6000,,0.44,0.46,0.45
1299643553,0,-4370,4260000,200,6000,,0.43,0.45,0.45
1299643583,0,-4370,4266000,200,6000,,0.44,0.45,0.45
1299643613,0,-4370,4272000,200,6000,,0.44,0.45,0.45
1299643643,0,-4370,4278000,200,6000,,0.44,0.46,0.45
1299643673,0,-4370,4284000,200,6000,,0.44,0.45,0.45
1299643703,0,-4370,4290000,200,6000,,0.44,0.45,0.45
1299643733,0,-4370,4296000,200,6000,,0.44,0.45,0.45
1299643763,0,-4370,4302000,200,6000,,-0.01,0.85,0.16
1299643793,0,-4370,4308000,200,6000,,-0.01,-4.186e-03,-8.12128e-03
1299643823,0,-4370,4314000,200,6000,,-0.01,-3.731e-03,-8.101988e-03
1299643853,0,-4370,4320000,200,6000,,-0.01,-4.459e-03,-8.101199e-03
1299643883,0,-4370,4326000,200,6000,,-0.01,2.093e-03,-8.09533e-03
1299643913,0,-4370,4332000,200,6000,,-0.01,-8.19e-04,-8.111467e-03
1299643943,0,-4370,4338000,200,6000,,-0.01,-4.55e-03,-8.111391e-03
1299643973,0,-4370,4344000,200,6000,,-0.01,-4.277e-03,-8.128757e-03
1299644003,0,-4370,4350000,200,6000,,-0.01,-3.913e-03,-8.126861e-03
1299644033,0,-4370,4356000,200,6000,,-0.01,3.094e-03,-8.104338e-03
1299644063,0,-4370,4362000,200,6000,,-0.01,-2.366e-03,-8.142559e-03
1299644093,0,-4370,4368000,200,6000,,-0.01,-3.822e-03,-8.120097e-03
1299644123,0,-4370,4374000,200,6000,,-0.01,-4.095e-03,-8.111406e-03
1299644153,0,-4370,4380000,200,6000,,-0.01,4.459e-03,-8.103004e-03
1299644183,0,-4370,4386000,200,6000,,-0.01,-4.55e-03,-8.115213e-03
1299644213,0,-4370,4392000,200,6000,,-0.01,-4.186e-03,-8.132989e-03
1299644243,0,-4370,4398000,200,6000,,-0.01,-4.459e-03,-8.122387e-03
1299644273,0,-4370,4404000,200,6000,,-0.01,2.093e-03,-8.123616e-03
1299644303,0,-4370,4410000,200,6000,,-0.01,-4.186e-03,-8.148701e-03
1299644333,0,-4370,4416000,200,6000,,-0.01,-3.913e-03,-8.128621e-03
1299644363,0,-4370,4422000,200,6000,,-0.01,-4.641e-03,-8.112938e-03
1299644393,0,-4370,4428000,200,6000,,-0.01,0.46,0.29
1299644423,0,-4370,4434000,200,6000,,0.43,0.45,0.45
1299644453,0,-4370,4440000,200,6000,,0.44,0.45,0.45
1299644483,0,-4370,4446000,200,6000,,0.44,0.45,0.45
1299644513,0,-4370,4452000,200,6000,,0.44,0.46,0.45
1299644543,0,-4370,4458000,200,6000,,0.44,0.45,0.45
1299644573,0,-4370,4464000,200,6000,,0.44,0.45,0.45
1299644603,0,-4370,4470000,200,6000,,0.44,0.45,0.45
1299644633,0,-4370,4476000,200,6000,,0.04,0.46,0.45
1299644663,0,-4370,4482000,200,6000,,0.44,0.46,0.45
1299644693,0,-4370,4488000,200,6000,,0.44,0.46,0.45
1299644723,0,-4370,4494000,200,6000,,0.44,0.45,0.45
1299644753,0,-4370,4500000,200,6000,,0.44,0.45,0.45
1299644783,0,-4370,4506000,200,6000,,-0.01,0.46,0.31
1299644813,0,-4370,4512000,200,6000,,0.23,0.24,0.24
1299644843,0,-4370,4518000,200,6000,,0.23,0.24,0.24
1299644873,0,-4370,4524000,200,6000,,0.23,0.24,0.24
1299644903,0,-4370,4530000,200,6000,,0.23,0.25,0.24
1299644933,0,-4370,4536000,200,6000,,0.23,0.24,0.24
1299644963,0,-4370,4542000,200,6000,,0.23,0.24,0.24
1299644993,0,-4370,4548000,200,6000,,0.23,0.24,0.24
1299645023,0,-4370,4554000,200,6000,,0.23,0.25,0.24
1299645053,0,-4370,4560000,200,6000,,0.23,0.24,0.24
1299645083,0,-4370,4566000,200,6000,,0.23,0.25,0.24
1299645113,0,-4370,4572000,200,6000,,0.23,0.24,0.24
1299645143,0,-4370,4578000,200,6000,,0.23,0.25,0.24
1299645173,0,-4370,4584000,200,6000,,0.23,0.24,0.24
1299645203,0,-4370,4590000,200,6000,,0.23,0.24,0.24
1299645233,0,-4370,4596000,200,6000,,0.23,0.24,0.24
1299645263,0,-4370,4602000,200,6000,,0.23,0.25,0.24
1299645293,0,-4370,4608000,200,6000,,0.23,0.25,0.24
1299645323,0,-4370,4614000,200,6000,,0.23,0.24,0.24
1299645353,0,-4370,4620000,200,6000,,0.23,0.24,0.24
1299645383,0,-4370,4626000,200,6000,,0.23,0.24,0.24
1299645413,0,-4370,4632000,200,6000,,0.23,0.25,0.24
1299645443,0,-4370,4638000,200,6000,,0.23,0.24,0.24
1299645473,0,-4370,4644000,200,6000,,0.23,0.24,0.24
1299645503,0,-4370,4650000,200,6000,,0.23,0.24,0.24
1299645533,0,-4370,4656000,200,6000,,-0.01,0.46,0.36
1299645563,0,-4370,4662000,200,6000,,0.44,0.45,0.45
1299645593,0,-4370,4668000,200,6000,,0.44,0.45,0.45
1299645623,0,-4370,4674000,200,6000,,0.44,0.45,0.45
1299645653,0,-4370,4680000,200,6000,,0.43,0.46,0.45
1299645683,0,-4370,4686000,200,6000,,0.44,0.45,0.45
1299645713,0,-4370,4692000,200,6000,,0.44,0.45,0.45
1299645743,0,-4370,4698000,200,6000,,0.44,0.45,0.45
1299645773,0,-4370,4704000,200,6000,,0.44,0.46,0.45
1299645803,0,-4370,4710000,200,6000,,0.44,0.45,0.45
1299645833,0,-4370,4716000,200,6000,,0.44,0.45,0.45
1299645863,0,-4370,4722000,200,6000,,0.44,0.45,0.45
1299645893,0,-4370,4728000,200,6000,,0.44,0.46,0.45
1299645923,0,-4370,4734000,200,6000,,0.44,0.45,0.45
1299645953,0,-4370,4740000,200,6000,,0.44,0.45,0.45
1299645983,0,-4370,4746000,200,6000,,0.44,0.45,0.45
1299646013,0,-4370,4752000,200,6000,,0.44,0.45,0.45
1299646043,0,-4370,4758000,200,6000,,0.44,0.46,0.45
1299646073,0,-4370,4764000,200,6000,,0.44,0.45,0.45
1299646103,0,-4370,4770000,200,6000,,-9.555e-03,0.45,0.44
1299646133,0,-4370,4776000,200,6000,,0.44,0.45,0.45
1299646163,0,-4370,4782000,200,6000,,0.44,0.46,0.45
1299646193,0,-4370,4788000,200,6000,,0.44,0.45,0.45
1299646223,0,-4370,4794000,200,6000,,0.44,0.45,0.45
1299646253,0,-4370,4800000,200,6000,,0.44,0.45,0.45
1299646283,0,-4370,4806000,200,6000,,0.43,0.46,0.45
1299646313,0,-4370,4812000,200,6000,,0.44,0.45,0.45
1299646343,0,-4370,4818000,200,6000,,0.44,0.46,0.45
1299646373,0,-4370,4824000,200,6000,,0.44,0.45,0.45
1299646403,0,-4370,4830000,200,6000,,0.44,0.46,0.45
1299646433,0,-4370,4836000,200,6000,,0.44,0.45,0.45
1299646463,0,-4370,4842000,200,6000,,0.44,0.45,0.45
1299646493,0,-4370,4848000,200,6000,,0.44,0.45,0.45
1299646523,0,-4370,4854000,200,6000,,0.44,0.46,0.45
1299646553,0,-4370,4860000,200,6000,,0.44,0.45,0.45
1299646583,0,-4370,4866000,200,6000,,0.43,0.45,0.45
1299646613,0,-4370,4872000,200,6000,,0.44,0.45,0.45
1299646643,0,-4370,4878000,200,6000,,0.44,0.46,0.45
1299646673,0,-4370,4884000,200,6000,,0.44,0.46,0.45
1299646703,0,-4370,4890000,200,6000,,0.44,0.45,0.45
1299646733,0,-4370,4896000,200,6000,,0.44,0.45,0.45
1299646763,0,-4370,4902000,200,6000,,0.44,0.45,0.45
1299646793,0,-4370,4908000,200,6000,,0.44,0.46,0.45
1299646823,0,-4370,4914000,200,6000,,0.44,0.45,0.45
1299646853,0,-4370,4920000,200,6000,,0.44,0.45,0.45
1299646883,0,-4370,4926000,200,6000,,0.44,0.45,0.45
1299646913,0,-4370,4932000,200,6000,,0.44,0.46,0.45
1299646943,0,-4370,4938000,200,6000,,-0.01,0.45,0.42
1299646973,0,-4370,4944000,200,6000,,-0.01,0.45,-2.017743e-03
1299647003,0,-4370,4950000,200,6000,,-0.01,-3.731e-03,-8.155996e-03
1299647033,0,-4370,4956000,200,6000,,-0.01,2.73e-03,-8.104187e-03
1299647063,0,-4370,4962000,200,6000,,-0.01,-3.913e-03,-8.119718e-03
1299647093,0,-4370,4968000,200,6000,,-0.01,-3.822e-03,-8.101108e-03
1299647123,0,-4370,4974000,200,6000,,-0.01,-3.822e-03,-8.134293e-03
1299647153,0,-4370,4980000,200,6000,,-0.01,2.821e-03,-8.101336e-03
1299647183,0,-4370,4986000,200,6000,,-0.01,-3.913e-03,-8.11218e-03
1299647213,0,-4370,4992000,200,6000,,-0.01,-4.277e-03,-8.118004e-03
1299647243,0,-4370,4998000,200,6000,,-0.01,-4.368e-03,-8.117094e-03
1299647273,0,-4370,5004000,200,6000,,-0.01,2.457e-03,-8.112059e-03
1299647303,0,-4370,5010000,200,6000,,-0.01,-3.731e-03,-8.074021e-03
1299647333,0,-4370,5016000,200,6000,,-0.01,-3.913e-03,-8.126922e-03
1299647363,0,-4370,5022000,200,6000,,-0.01,-3.913e-03,-8.124344e-03
1299647393,0,-4370,5028000,200,6000,,-0.01,-3.913e-03,-8.088793e-03
1299647423,0,-4370,5034000,200,6000,,-0.01,2.184e-03,-8.090901e-03
1299647453,0,-4370,5040000,200,6000,,-0.01,-4.004e-03,-8.127134e-03
1299647483,0,-4370,5046000,200,6000,,-0.01,-4.368e-03,-8.121326e-03
1299647513,0,-4370,5052000,200,6000,,-0.01,-4.823e-03,-8.121432e-03
1299647543,0,-4370,5058000,200,6000,,-0.01,8.19e-04,-8.127089e-03
1299647573,0,-4370,5064000,200,6000,,-0.01,-4.277e-03,-8.12266e-03
1299647603,0,-4370,5070000,200,6000,,-0.01,-4.368e-03,-8.130334e-03
1299647633,0,-4370,5076000,200,6000,,-0.01,-4.277e-03,-8.154904e-03
1299647663,0,-4370,5082000,200,6000,,-0.01,3.549e-03,-8.087716e-03
1299647693,0,-4370,5088000,200,6000,,-0.01,-4.277e-03,-8.1108e-03
1299647723,0,-4370,5094000,200,6000,,-0.01,2.275e-03,-8.118944e-03
1299647753,0,-4370,5100000,200,6000,,-0.01,-4.095e-03,-8.141072e-03
1299647783,0,-4370,5106000,200,6000,,-0.01,2.184e-03,-8.099743e-03
1299647813,0,-4370,5112000,200,6000,,-0.01,-4.186e-03,-8.116912e-03
1299647843,0,-4370,5118000,200,6000,,-0.01,-3.913e-03,-8.123145e-03
1299647873,0,-4370,5124000,200,6000,,-0.01,-4.459e-03,-8.097089e-03
1299647903,0,-4370,5130000,200,6000,,-0.01,3.185e-03,-8.101609e-03
1299647933,0,-4370,5136000,200,6000,,-0.01,2.184e-03,-8.07939e-03
1299647963,0,-4370,5142000,200,6000,,-0.01,4.641e-03,-8.121538e-03
1299647993,0,-4370,5148000,200,6000,,-0.01,-3.731e-03,-8.113909e-03
1299648023,0,-4370,5154000,200,6000,,-0.01,1.729e-03,-8.110223e-03
1299648053,0,-4370,5160000,200,6000,,-0.01,-2.912e-03,-8.11171e-03
1299648083,0,-4370,5166000,200,6000,,-0.01,-4.186e-03,-8.127377e-03
1299648113,0,-4370,5172000,200,6000,,-0.01,-4.277e-03,-8.118307e-03
1299648143,0,-4370,5178000,200,6000,,-0.01,-4.004e-03,-8.132761e-03
1299648173,0,-4370,5184000,200,6000,,-0.01,2.821e-03,-8.120537e-03
1299648203,0,-4370,5190000,200,6000,,-0.01,-3.913e-03,-8.119975e-03
1299648233,0,-4370,5196000,200,6000,,-0.01,-4.004e-03,-8.114531e-03
1299648263,0,-4370,5202000,200,6000,,-0.01,-4.368e-03,-8.09671e-03
1299648293,0,-4370,5208000,200,6000,,-0.01,-1.82e-04,-8.104566e-03
1299648323,0,-4370,5214000,200,6000,,-0.01,-4.277e-03,-8.108449e-03
1299648353,0,-4370,5220000,200,6000,,-0.01,-3.913e-03,-8.113015e-03
1299648383,0,-4370,5226000,200,6000,,-0.01,-3.731e-03,-8.12768e-03
1299648413,0,-4370,5232000,200,6000,,-0.01,3.276e-03,-8.115289e-03
1299648443,0,-4370,5238000,200,6000,,-0.01,-4.095e-03,-8.118368e-03
1299648473,0,-4370,5244000,200,6000,,-0.01,-4.368e-03,-8.1135e-03
1299648503,0,-4370,5250000,200,6000,,-0.01,-4.55e-03,-8.130759e-03
1299648533,0,-4370,5256000,200,6000,,-0.01,1.729e-03,-8.117837e-03
1299648563,0,-4370,5262000,200,6000,,-0.01,-3.731e-03,-8.122038e-03
1299648593,0,-4370,5268000,200,7400,,-0.01,-4.004e-03,-8.12536e-03
